14.33066 2.00000 1.00000
19.49716 2.00000 1.00000
26.31350 2.00000 1.00000
30.71311 2.00000 1.00000
34.97947 2.00000 1.00000
39.59617 2.00000 1.00000
43.79658 2.00000 1.00000
48.11268 2.00000 1.00000
54.16163 2.00000 1.00000
59.96113 2.00000 1.00000
65.81128 2.00000 1.00000
70.82789 2.00000 1.00000
77.06025 2.00000 1.00000
82.52699 2.00000 1.00000
86.67676 2.00000 1.00000
91.81034 2.00000 1.00000
96.09265 2.00000 1.00000
101.75911 2.00000 1.00000
106.37540 2.00000 1.00000
112.42522 2.00000 1.00000
116.65811 2.00000 1.00000
121.05810 2.00000 1.00000
125.45773 2.00000 1.00000
129.99072 2.00000 1.00000
134.92392 2.00000 1.00000
139.19037 2.00000 1.00000
143.52308 2.00000 1.00000
149.78970 2.00000 1.00000
154.17298 2.00000 1.00000
158.27251 2.00000 1.00000
166.08881 2.00000 1.00000
171.90494 2.00000 1.00000
176.37114 2.00000 1.00000
183.35456 2.00000 1.00000
188.97079 2.00000 1.00000
194.38711 2.00000 1.00000
200.83659 2.00000 1.00000
205.23680 2.00000 1.00000
209.31964 2.00000 1.00000
213.91935 2.00000 1.00000
219.88541 2.00000 1.00000
224.66922 2.00000 1.00000
229.13524 2.00000 1.00000
233.45162 2.00000 1.00000
239.21802 2.00000 1.00000
245.00094 2.00000 1.00000
249.06749 2.00000 1.00000
253.51685 2.00000 1.00000
258.24993 2.00000 1.00000
263.66654 2.00000 1.00000
268.04968 2.00000 1.00000
275.03258 2.00000 1.00000
280.44870 2.00000 1.00000
285.94861 2.00000 1.00000
290.14807 2.00000 1.00000
294.43116 2.00000 1.00000
299.24767 2.00000 1.00000
303.26439 2.00000 1.00000
310.39740 2.00000 1.00000
315.56395 2.00000 1.00000
320.48004 2.00000 1.00000
324.64636 2.00000 1.00000
329.64676 2.00000 1.00000
334.74579 2.00000 1.00000
338.84560 2.00000 1.00000
343.59497 2.00000 1.00000
347.62917 2.00000 1.00000
351.92792 2.00000 1.00000
356.62809 2.00000 1.00000
361.21082 2.00000 1.00000
365.64398 2.00000 1.00000
370.42695 2.00000 1.00000
375.77680 2.00000 1.00000
380.87648 2.00000 1.00000
391.60901 2.00000 1.00000
396.60913 2.00000 1.00000
400.62559 2.00000 1.00000
405.27496 2.00000 1.00000
410.25799 2.00000 1.00000
