16.28260 2.00000 1.00000
23.41571 2.00000 1.00000
27.68207 2.00000 1.00000
31.91525 2.00000 1.00000
36.93142 2.00000 1.00000
41.71465 2.00000 1.00000
47.68106 2.00000 1.00000
52.08059 2.00000 1.00000
56.73085 2.00000 1.00000
61.72993 2.00000 1.00000
68.71304 2.00000 1.00000
74.32943 2.00000 1.00000
78.56242 2.00000 1.00000
84.79533 2.00000 1.00000
88.86195 2.00000 1.00000
93.44498 2.00000 1.00000
98.17794 2.00000 1.00000
103.27756 2.00000 1.00000
108.62765 2.00000 1.00000
113.24385 2.00000 1.00000
117.34392 2.00000 1.00000
121.36027 2.00000 1.00000
126.85967 2.00000 1.00000
132.90999 2.00000 1.00000
140.72625 2.00000 1.00000
146.54172 2.00000 1.00000
152.20820 2.00000 1.00000
156.47466 2.00000 1.00000
162.24098 2.00000 1.00000
167.65721 2.00000 1.00000
174.15710 2.00000 1.00000
178.43986 2.00000 1.00000
185.25654 2.00000 1.00000
189.63917 2.00000 1.00000
194.10583 2.00000 1.00000
198.55570 2.00000 1.00000
203.30524 2.00000 1.00000
207.62188 2.00000 1.00000
212.00446 2.00000 1.00000
218.05423 2.00000 1.00000
223.03774 2.00000 1.00000
227.57033 2.00000 1.00000
232.17032 2.00000 1.00000
236.20339 2.00000 1.00000
242.05295 2.00000 1.00000
247.83586 2.00000 1.00000
256.20225 2.00000 1.00000
261.20210 2.00000 1.00000
267.00187 2.00000 1.00000
271.78476 2.00000 1.00000
276.08444 2.00000 1.00000
280.90086 2.00000 1.00000
286.00034 2.00000 1.00000
290.28370 2.00000 1.00000
295.41707 2.00000 1.00000
300.58274 2.00000 1.00000
304.73280 2.00000 1.00000
309.43260 2.00000 1.00000
314.84905 2.00000 1.00000
319.24879 2.00000 1.00000
325.69839 2.00000 1.00000
330.16494 2.00000 1.00000
334.26437 2.00000 1.00000
338.66426 2.00000 1.00000
343.59739 2.00000 1.00000
349.06372 2.00000 1.00000
353.08012 2.00000 1.00000
357.41325 2.00000 1.00000
362.02938 2.00000 1.00000
366.22919 2.00000 1.00000
371.64582 2.00000 1.00000
376.07889 2.00000 1.00000
380.47864 2.00000 1.00000
387.46138 2.00000 1.00000
391.77783 2.00000 1.00000
396.07761 2.00000 1.00000
401.24406 2.00000 1.00000
405.32792 2.00000 1.00000
410.24349 2.00000 1.00000
