16.06604 2.00000 1.00000
20.44915 2.00000 1.00000
24.68209 2.00000 1.00000
28.99890 2.00000 1.00000
33.08129 2.00000 1.00000
37.54834 2.00000 1.00000
43.16412 2.00000 1.00000
48.58076 2.00000 1.00000
53.04747 2.00000 1.00000
59.01359 2.00000 1.00000
63.24663 2.00000 1.00000
67.26334 2.00000 1.00000
71.29634 2.00000 1.00000
75.31246 2.00000 1.00000
79.84637 2.00000 1.00000
84.14538 2.00000 1.00000
88.57857 2.00000 1.00000
94.36172 2.00000 1.00000
99.14469 2.00000 1.00000
104.24428 2.00000 1.00000
110.51062 2.00000 1.00000
115.49375 2.00000 1.00000
120.51030 2.00000 1.00000
124.80953 2.00000 1.00000
129.45960 2.00000 1.00000
136.59272 2.00000 1.00000
140.92560 2.00000 1.00000
146.72527 2.00000 1.00000
152.57462 2.00000 1.00000
159.55776 2.00000 1.00000
164.90766 2.00000 1.00000
172.72370 2.00000 1.00000
177.88994 2.00000 1.00000
182.33961 2.00000 1.00000
188.78948 2.00000 1.00000
193.10574 2.00000 1.00000
197.50569 2.00000 1.00000
202.08863 2.00000 1.00000
206.35525 2.00000 1.00000
211.45515 2.00000 1.00000
215.55468 2.00000 1.00000
220.55447 2.00000 1.00000
224.65484 2.00000 1.00000
229.65362 2.00000 1.00000
235.46994 2.00000 1.00000
246.65298 2.00000 1.00000
251.26959 2.00000 1.00000
256.20233 2.00000 1.00000
260.48531 2.00000 1.00000
265.40181 2.00000 1.00000
269.68482 2.00000 1.00000
274.08442 2.00000 1.00000
278.23447 2.00000 1.00000
282.30103 2.00000 1.00000
286.79104 2.00000 1.00000
291.11702 2.00000 1.00000
295.71680 2.00000 1.00000
299.91658 2.00000 1.00000
306.73271 2.00000 1.00000
312.23262 2.00000 1.00000
317.64846 2.00000 1.00000
323.88172 2.00000 1.00000
329.29874 2.00000 1.00000
334.11473 2.00000 1.00000
338.28082 2.00000 1.00000
342.96415 2.00000 1.00000
347.23041 2.00000 1.00000
353.73012 2.00000 1.00000
358.34621 2.00000 1.00000
363.09639 2.00000 1.00000
367.82942 2.00000 1.00000
372.99603 2.00000 1.00000
378.46218 2.00000 1.00000
384.12842 2.00000 1.00000
388.51166 2.00000 1.00000
394.27759 2.00000 1.00000
401.26061 2.00000 1.00000
405.46059 2.00000 1.00000
410.24333 2.00000 1.00000
