18.35517 3.00000 1.00000
30.07290 3.00000 1.00000
54.38766 3.00000 1.00000
65.53211 3.00000 1.00000
78.44863 3.00000 1.00000
88.84710 3.00000 1.00000
100.15141 3.00000 1.00000
112.06692 3.00000 1.00000
122.16670 3.00000 1.00000
132.94966 3.00000 1.00000
156.34278 3.00000 1.00000
199.44379 3.00000 1.00000
221.87256 3.00000 1.00000
234.50909 3.00000 1.00000
248.64222 3.00000 1.00000
273.34352 3.00000 1.00000
300.01734 3.00000 1.00000
331.02407 3.00000 1.00000
343.65076 3.00000 1.00000
360.01483 3.00000 1.00000
