17.31684 3.00000 1.00000
33.96661 3.00000 1.00000
63.08377 3.00000 1.00000
80.06662 3.00000 1.00000
91.73232 3.00000 1.00000
111.64836 3.00000 1.00000
128.99631 3.00000 1.00000
140.97807 3.00000 1.00000
151.19446 3.00000 1.00000
163.57868 3.00000 1.00000
177.72765 3.00000 1.00000
213.79185 3.00000 1.00000
232.50503 3.00000 1.00000
251.23975 3.00000 1.00000
269.58947 3.00000 1.00000
280.95548 3.00000 1.00000
301.98791 3.00000 1.00000
321.61935 3.00000 1.00000
347.40120 3.00000 1.00000
360.29703 3.00000 1.00000
