12.02136 3.00000 1.00000
24.50185 3.00000 1.00000
46.16889 3.00000 1.00000
60.38195 3.00000 1.00000
70.61545 3.00000 1.00000
83.69664 3.00000 1.00000
94.54794 3.00000 1.00000
105.71338 3.00000 1.00000
117.14854 3.00000 1.00000
127.31439 3.00000 1.00000
150.52878 3.00000 1.00000
194.27567 3.00000 1.00000
216.30817 3.00000 1.00000
228.59064 3.00000 1.00000
241.18973 3.00000 1.00000
268.20274 3.00000 1.00000
294.65094 3.00000 1.00000
323.84991 3.00000 1.00000
337.43400 3.00000 1.00000
354.95207 3.00000 1.00000
