30.46437 3.00000 1.00000
41.61268 3.00000 1.00000
52.17868 3.00000 1.00000
71.92836 3.00000 1.00000
88.89727 3.00000 1.00000
105.00909 3.00000 1.00000
115.50999 3.00000 1.00000
125.15844 3.00000 1.00000
150.10645 3.00000 1.00000
159.92230 3.00000 1.00000
177.94163 3.00000 1.00000
188.80467 3.00000 1.00000
217.96932 3.00000 1.00000
237.38691 3.00000 1.00000
257.70051 3.00000 1.00000
274.40182 3.00000 1.00000
297.79791 3.00000 1.00000
307.38128 3.00000 1.00000
326.36887 3.00000 1.00000
354.79494 3.00000 1.00000
