35.36880 3.00000 1.00000
40.90874 3.00000 1.00000
139.13840 3.00000 1.00000
144.17966 3.00000 1.00000
163.03518 3.00000 1.00000
171.83863 3.00000 1.00000
176.86033 3.00000 1.00000
182.31566 3.00000 1.00000
189.12847 3.00000 1.00000
205.49204 3.00000 1.00000
211.26749 3.00000 1.00000
254.58918 3.00000 1.00000
260.46063 3.00000 1.00000
279.98807 3.00000 1.00000
287.89403 3.00000 1.00000
305.32083 3.00000 1.00000
313.40505 3.00000 1.00000
318.57652 3.00000 1.00000
349.12487 3.00000 1.00000
366.18888 3.00000 1.00000
