22.88387 3.00000 1.00000
39.57128 3.00000 1.00000
68.65263 3.00000 1.00000
86.26859 3.00000 1.00000
96.90221 3.00000 1.00000
118.81680 3.00000 1.00000
134.81440 3.00000 1.00000
146.11525 3.00000 1.00000
156.83127 3.00000 1.00000
168.94634 3.00000 1.00000
183.64487 3.00000 1.00000
221.24419 3.00000 1.00000
237.57494 3.00000 1.00000
257.59054 3.00000 1.00000
274.60700 3.00000 1.00000
286.10664 3.00000 1.00000
310.20118 3.00000 1.00000
329.45299 3.00000 1.00000
352.55286 3.00000 1.00000
366.65232 3.00000 1.00000
