17.72190 3.00000 1.00000
30.03807 3.00000 1.00000
41.00478 3.00000 1.00000
64.68637 3.00000 1.00000
85.38629 3.00000 1.00000
128.53213 3.00000 1.00000
141.03253 3.00000 1.00000
151.74757 3.00000 1.00000
162.71490 3.00000 1.00000
181.79396 3.00000 1.00000
200.97954 3.00000 1.00000
213.16034 3.00000 1.00000
228.59221 3.00000 1.00000
241.82725 3.00000 1.00000
271.04251 3.00000 1.00000
289.97328 3.00000 1.00000
303.34053 3.00000 1.00000
314.30440 3.00000 1.00000
326.12107 3.00000 1.00000
336.83767 3.00000 1.00000
