23.51840 3.00000 1.00000
33.06286 3.00000 1.00000
43.83264 3.00000 1.00000
55.59832 3.00000 1.00000
65.13144 3.00000 1.00000
102.29430 3.00000 1.00000
165.55613 3.00000 1.00000
182.80342 3.00000 1.00000
192.50701 3.00000 1.00000
202.37468 3.00000 1.00000
222.13908 3.00000 1.00000
243.03746 3.00000 1.00000
252.70437 3.00000 1.00000
262.77120 3.00000 1.00000
272.86613 3.00000 1.00000
284.00082 3.00000 1.00000
306.85022 3.00000 1.00000
334.61533 3.00000 1.00000
354.99488 3.00000 1.00000
365.06434 3.00000 1.00000
377.94727 3.00000 1.00000
394.09348 3.00000 1.00000
