22.76047 3.00000 1.00000
28.81010 3.00000 1.00000
34.49251 3.00000 1.00000
91.25533 3.00000 1.00000
143.51976 3.00000 1.00000
151.90247 3.00000 1.00000
156.93435 3.00000 1.00000
173.11825 3.00000 1.00000
178.16599 3.00000 1.00000
186.68220 3.00000 1.00000
193.46754 3.00000 1.00000
200.48308 3.00000 1.00000
221.74902 3.00000 1.00000
249.29767 3.00000 1.00000
280.06239 3.00000 1.00000
285.39537 3.00000 1.00000
301.11148 3.00000 1.00000
330.69195 3.00000 1.00000
336.21000 3.00000 1.00000
343.67432 3.00000 1.00000
