46.75764 3.00000 1.00000
52.49241 3.00000 1.00000
71.32302 3.00000 1.00000
93.13779 3.00000 1.00000
98.48977 3.00000 1.00000
104.77141 3.00000 1.00000
110.37132 3.00000 1.00000
115.93649 3.00000 1.00000
168.07286 3.00000 1.00000
187.90001 3.00000 1.00000
218.26549 3.00000 1.00000
247.03048 3.00000 1.00000
252.71130 3.00000 1.00000
258.21397 3.00000 1.00000
277.07821 3.00000 1.00000
342.04336 3.00000 1.00000
347.37372 3.00000 1.00000
355.94048 3.00000 1.00000
362.95629 3.00000 1.00000
368.12277 3.00000 1.00000
