12.02057 3.00000 1.00000
40.30117 3.00000 1.00000
54.60071 3.00000 1.00000
66.08369 3.00000 1.00000
79.73326 3.00000 1.00000
96.61575 3.00000 1.00000
106.74833 3.00000 1.00000
117.49738 3.00000 1.00000
132.59774 3.00000 1.00000
162.09476 3.00000 1.00000
207.24228 3.00000 1.00000
227.27505 3.00000 1.00000
237.99061 3.00000 1.00000
257.15639 3.00000 1.00000
268.05630 3.00000 1.00000
290.50468 3.00000 1.00000
306.26998 3.00000 1.00000
317.83701 3.00000 1.00000
349.61769 3.00000 1.00000
362.93368 3.00000 1.00000
