12.00663 3.00000 1.00000
23.78704 3.00000 1.00000
35.07041 3.00000 1.00000
58.06748 3.00000 1.00000
79.69986 3.00000 1.00000
123.19682 3.00000 1.00000
135.28047 3.00000 1.00000
146.17939 3.00000 1.00000
157.67836 3.00000 1.00000
176.59413 3.00000 1.00000
195.76128 3.00000 1.00000
207.20971 3.00000 1.00000
223.37431 3.00000 1.00000
233.62506 3.00000 1.00000
264.02194 3.00000 1.00000
284.53878 3.00000 1.00000
295.48805 3.00000 1.00000
309.15326 3.00000 1.00000
319.31950 3.00000 1.00000
331.15267 3.00000 1.00000
