17.73769 3.00000 1.00000
48.50494 3.00000 1.00000
59.82001 3.00000 1.00000
73.10176 3.00000 1.00000
85.68378 3.00000 1.00000
101.65047 3.00000 1.00000
111.95027 3.00000 1.00000
125.34884 3.00000 1.00000
137.93190 3.00000 1.00000
167.78153 3.00000 1.00000
213.17709 3.00000 1.00000
232.95882 3.00000 1.00000
243.22624 3.00000 1.00000
262.30752 3.00000 1.00000
274.85723 3.00000 1.00000
295.90737 3.00000 1.00000
312.02144 3.00000 1.00000
324.45494 3.00000 1.00000
355.18775 3.00000 1.00000
369.18573 3.00000 1.00000
