16.53146 3.00000 1.00000
47.54757 3.00000 1.00000
57.27979 3.00000 1.00000
67.01371 3.00000 1.00000
77.02729 3.00000 1.00000
86.56332 3.00000 1.00000
104.57814 3.00000 1.00000
116.92878 3.00000 1.00000
126.99508 3.00000 1.00000
136.92703 3.00000 1.00000
147.85606 3.00000 1.00000
168.75807 3.00000 1.00000
178.84381 3.00000 1.00000
209.97375 3.00000 1.00000
220.43863 3.00000 1.00000
241.63798 3.00000 1.00000
258.66873 3.00000 1.00000
268.96876 3.00000 1.00000
286.16828 3.00000 1.00000
296.90040 3.00000 1.00000
315.08310 3.00000 1.00000
324.69785 3.00000 1.00000
347.31569 3.00000 1.00000
357.04853 3.00000 1.00000
377.16309 3.00000 1.00000
405.21094 3.00000 1.00000
