12.00483 3.00000 1.00000
24.50187 3.00000 1.00000
47.11773 3.00000 1.00000
58.75103 3.00000 1.00000
70.33414 3.00000 1.00000
100.69751 3.00000 1.00000
113.03081 3.00000 1.00000
130.99653 3.00000 1.00000
163.61193 3.00000 1.00000
175.12746 3.00000 1.00000
194.74271 3.00000 1.00000
213.29220 3.00000 1.00000
229.62386 3.00000 1.00000
255.37228 3.00000 1.00000
266.55501 3.00000 1.00000
278.78799 3.00000 1.00000
293.08654 3.00000 1.00000
306.61892 3.00000 1.00000
331.91840 3.00000 1.00000
354.21743 3.00000 1.00000
