17.52216 3.00000 1.00000
30.12034 3.00000 1.00000
52.33761 3.00000 1.00000
63.98638 3.00000 1.00000
75.71815 3.00000 1.00000
107.81614 3.00000 1.00000
118.05060 3.00000 1.00000
136.86361 3.00000 1.00000
169.67962 3.00000 1.00000
180.72942 3.00000 1.00000
199.95991 3.00000 1.00000
218.55977 3.00000 1.00000
236.45947 3.00000 1.00000
260.99073 3.00000 1.00000
273.52340 3.00000 1.00000
286.75529 3.00000 1.00000
301.12170 3.00000 1.00000
311.70641 3.00000 1.00000
337.16992 3.00000 1.00000
361.20206 3.00000 1.00000
