53.29821 3.00000 1.00000
65.91460 3.00000 1.00000
77.02912 3.00000 1.00000
86.57975 3.00000 1.00000
97.16127 3.00000 1.00000
116.27487 3.00000 1.00000
125.99056 3.00000 1.00000
151.41065 3.00000 1.00000
161.15509 3.00000 1.00000
198.27273 3.00000 1.00000
218.70414 3.00000 1.00000
254.92061 3.00000 1.00000
266.15129 3.00000 1.00000
284.26653 3.00000 1.00000
295.74869 3.00000 1.00000
313.96528 3.00000 1.00000
332.16611 3.00000 1.00000
343.58065 3.00000 1.00000
361.07676 3.00000 1.00000
371.92890 3.00000 1.00000
381.99520 3.00000 1.00000
