19.13953 3.00000 1.00000
37.58806 3.00000 1.00000
48.87273 3.00000 1.00000
70.23787 3.00000 1.00000
82.17046 3.00000 1.00000
110.36748 3.00000 1.00000
122.73341 3.00000 1.00000
134.68425 3.00000 1.00000
147.13239 3.00000 1.00000
178.29727 3.00000 1.00000
188.94773 3.00000 1.00000
199.99658 3.00000 1.00000
240.16042 3.00000 1.00000
287.09092 3.00000 1.00000
300.40874 3.00000 1.00000
318.83833 3.00000 1.00000
332.13766 3.00000 1.00000
342.97158 3.00000 1.00000
353.72189 3.00000 1.00000
366.23748 3.00000 1.00000
