35.85769 3.00000 1.00000
40.89151 3.00000 1.00000
82.32245 3.00000 1.00000
89.05444 3.00000 1.00000
95.13730 3.00000 1.00000
125.10285 3.00000 1.00000
142.08593 3.00000 1.00000
147.11846 3.00000 1.00000
152.64869 3.00000 1.00000
158.18621 3.00000 1.00000
186.88305 3.00000 1.00000
207.79865 3.00000 1.00000
223.66359 3.00000 1.00000
241.67982 3.00000 1.00000
249.79651 3.00000 1.00000
318.60772 3.00000 1.00000
324.40827 3.00000 1.00000
342.40730 3.00000 1.00000
347.55698 3.00000 1.00000
366.80617 3.00000 1.00000
