12.02136 3.00000 1.00000
30.60468 3.00000 1.00000
42.80296 3.00000 1.00000
65.21995 3.00000 1.00000
76.30208 3.00000 1.00000
104.76666 3.00000 1.00000
117.34941 3.00000 1.00000
129.06467 3.00000 1.00000
140.16446 3.00000 1.00000
170.32909 3.00000 1.00000
183.86229 3.00000 1.00000
194.74483 3.00000 1.00000
234.92624 3.00000 1.00000
280.25598 3.00000 1.00000
295.18900 3.00000 1.00000
313.33702 3.00000 1.00000
324.10345 3.00000 1.00000
337.70308 3.00000 1.00000
348.50281 3.00000 1.00000
360.61730 3.00000 1.00000
