24.17774 3.00000 1.00000
55.02727 3.00000 1.00000
60.07757 3.00000 1.00000
87.69080 3.00000 1.00000
93.92320 3.00000 1.00000
99.03962 3.00000 1.00000
152.58626 3.00000 1.00000
158.10530 3.00000 1.00000
164.76877 3.00000 1.00000
205.23333 3.00000 1.00000
210.46525 3.00000 1.00000
215.68245 3.00000 1.00000
222.04848 3.00000 1.00000
227.06715 3.00000 1.00000
246.88044 3.00000 1.00000
252.78324 3.00000 1.00000
259.84618 3.00000 1.00000
265.79916 3.00000 1.00000
272.41407 3.00000 1.00000
307.91244 3.00000 1.00000
