18.05604 3.00000 1.00000
55.50387 3.00000 1.00000
70.00109 3.00000 1.00000
93.05138 3.00000 1.00000
124.08219 3.00000 1.00000
136.49663 3.00000 1.00000
147.66411 3.00000 1.00000
160.92989 3.00000 1.00000
174.31251 3.00000 1.00000
187.82913 3.00000 1.00000
198.74399 3.00000 1.00000
232.79341 3.00000 1.00000
246.12550 3.00000 1.00000
274.45601 3.00000 1.00000
286.62359 3.00000 1.00000
303.48830 3.00000 1.00000
325.38736 3.00000 1.00000
336.47107 3.00000 1.00000
348.55295 3.00000 1.00000
365.41803 3.00000 1.00000
