12.00423 3.00000 1.00000
50.08362 3.00000 1.00000
63.18384 3.00000 1.00000
86.51623 3.00000 1.00000
119.01454 3.00000 1.00000
130.13048 3.00000 1.00000
142.39791 3.00000 1.00000
154.01294 3.00000 1.00000
168.44388 3.00000 1.00000
181.46080 3.00000 1.00000
193.20837 3.00000 1.00000
227.75851 3.00000 1.00000
239.10614 3.00000 1.00000
268.88878 3.00000 1.00000
279.47207 3.00000 1.00000
297.82034 3.00000 1.00000
319.68589 3.00000 1.00000
330.51864 3.00000 1.00000
342.15045 3.00000 1.00000
359.93377 3.00000 1.00000
