26.05925 3.00000 1.00000
46.64019 3.00000 1.00000
53.07610 3.00000 1.00000
70.99075 3.00000 1.00000
100.62113 3.00000 1.00000
128.65351 3.00000 1.00000
190.56614 3.00000 1.00000
219.58167 3.00000 1.00000
227.11645 3.00000 1.00000
233.02977 3.00000 1.00000
251.04597 3.00000 1.00000
279.46101 3.00000 1.00000
285.49569 3.00000 1.00000
292.65999 3.00000 1.00000
297.79300 3.00000 1.00000
305.54318 3.00000 1.00000
310.76022 3.00000 1.00000
317.09217 3.00000 1.00000
348.99074 3.00000 1.00000
354.65682 3.00000 1.00000
