25.67645 3.00000 1.00000
32.12543 3.00000 1.00000
37.64213 3.00000 1.00000
45.00948 3.00000 1.00000
75.67286 3.00000 1.00000
80.90225 3.00000 1.00000
100.80529 3.00000 1.00000
106.70430 3.00000 1.00000
112.43821 3.00000 1.00000
204.56555 3.00000 1.00000
210.34906 3.00000 1.00000
215.56388 3.00000 1.00000
222.64627 3.00000 1.00000
251.91191 3.00000 1.00000
258.11135 3.00000 1.00000
263.41219 3.00000 1.00000
291.90911 3.00000 1.00000
309.51015 3.00000 1.00000
314.62440 3.00000 1.00000
353.60558 3.00000 1.00000
