35.36826 3.00000 1.00000
45.09961 3.00000 1.00000
70.04812 3.00000 1.00000
86.19723 3.00000 1.00000
96.39448 3.00000 1.00000
107.33142 3.00000 1.00000
117.31221 3.00000 1.00000
136.72935 3.00000 1.00000
159.47687 3.00000 1.00000
171.73844 3.00000 1.00000
181.29086 3.00000 1.00000
200.72380 3.00000 1.00000
220.32319 3.00000 1.00000
283.55369 3.00000 1.00000
293.56923 3.00000 1.00000
305.38618 3.00000 1.00000
314.96797 3.00000 1.00000
324.61705 3.00000 1.00000
334.23390 3.00000 1.00000
381.34759 3.00000 1.00000
