12.02141 3.00000 1.00000
33.42005 3.00000 1.00000
58.76743 3.00000 1.00000
78.06615 3.00000 1.00000
89.38224 3.00000 1.00000
105.69763 3.00000 1.00000
117.81349 3.00000 1.00000
133.79628 3.00000 1.00000
144.89626 3.00000 1.00000
156.37827 3.00000 1.00000
168.47802 3.00000 1.00000
179.92690 3.00000 1.00000
196.45937 3.00000 1.00000
207.55826 3.00000 1.00000
238.78968 3.00000 1.00000
256.52346 3.00000 1.00000
266.80547 3.00000 1.00000
323.01855 3.00000 1.00000
336.68582 3.00000 1.00000
361.23302 3.00000 1.00000
