18.38971 3.00000 1.00000
40.43845 3.00000 1.00000
64.63674 3.00000 1.00000
83.33461 3.00000 1.00000
94.80145 3.00000 1.00000
112.10082 3.00000 1.00000
123.34979 3.00000 1.00000
139.28111 3.00000 1.00000
150.59939 3.00000 1.00000
163.19587 3.00000 1.00000
174.42954 3.00000 1.00000
185.49658 3.00000 1.00000
202.51206 3.00000 1.00000
213.22904 3.00000 1.00000
245.94148 3.00000 1.00000
261.59208 3.00000 1.00000
271.84060 3.00000 1.00000
329.38724 3.00000 1.00000
343.60460 3.00000 1.00000
367.76929 3.00000 1.00000
