69.15460 3.00000 1.00000
87.75378 3.00000 1.00000
98.81980 3.00000 1.00000
110.53575 3.00000 1.00000
121.58366 3.00000 1.00000
149.18268 3.00000 1.00000
169.66512 3.00000 1.00000
190.31149 3.00000 1.00000
218.11204 3.00000 1.00000
236.16129 3.00000 1.00000
247.09363 3.00000 1.00000
257.64204 3.00000 1.00000
268.84156 3.00000 1.00000
284.75761 3.00000 1.00000
296.92391 3.00000 1.00000
312.83945 3.00000 1.00000
324.72341 3.00000 1.00000
338.30605 3.00000 1.00000
349.10386 3.00000 1.00000
361.30291 3.00000 1.00000
