17.08978 3.00000 1.00000
36.28889 3.00000 1.00000
48.50409 3.00000 1.00000
59.22047 3.00000 1.00000
70.60188 3.00000 1.00000
82.78568 3.00000 1.00000
93.11927 3.00000 1.00000
103.81647 3.00000 1.00000
126.48186 3.00000 1.00000
137.34866 3.00000 1.00000
154.14700 3.00000 1.00000
164.61426 3.00000 1.00000
176.54548 3.00000 1.00000
195.39544 3.00000 1.00000
223.21033 3.00000 1.00000
252.82557 3.00000 1.00000
284.98960 3.00000 1.00000
312.15486 3.00000 1.00000
345.98507 3.00000 1.00000
363.73514 3.00000 1.00000
