23.74140 3.00000 1.00000
109.35315 3.00000 1.00000
114.50322 3.00000 1.00000
142.80490 3.00000 1.00000
184.76547 3.00000 1.00000
201.38367 3.00000 1.00000
208.61445 3.00000 1.00000
228.26521 3.00000 1.00000
234.84612 3.00000 1.00000
240.62883 3.00000 1.00000
258.17995 3.00000 1.00000
263.69399 3.00000 1.00000
270.37674 3.00000 1.00000
292.97664 3.00000 1.00000
300.40941 3.00000 1.00000
317.40784 3.00000 1.00000
323.44082 3.00000 1.00000
328.70825 3.00000 1.00000
333.95711 3.00000 1.00000
351.12414 3.00000 1.00000
