12.01353 3.00000 1.00000
18.04594 3.00000 1.00000
25.91093 3.00000 1.00000
31.29068 3.00000 1.00000
37.92636 3.00000 1.00000
43.26066 3.00000 1.00000
48.54479 3.00000 1.00000
56.77530 3.00000 1.00000
74.94050 3.00000 1.00000
128.27037 3.00000 1.00000
136.07086 3.00000 1.00000
155.00359 3.00000 1.00000
176.35162 3.00000 1.00000
196.98308 3.00000 1.00000
202.50101 3.00000 1.00000
207.68302 3.00000 1.00000
223.15093 3.00000 1.00000
274.31362 3.00000 1.00000
302.16017 3.00000 1.00000
366.39176 3.00000 1.00000
