12.02097 3.00000 1.00000
30.43647 3.00000 1.00000
41.65129 3.00000 1.00000
53.83388 3.00000 1.00000
65.23453 3.00000 1.00000
77.10015 3.00000 1.00000
88.01573 3.00000 1.00000
98.28167 3.00000 1.00000
119.86381 3.00000 1.00000
131.81380 3.00000 1.00000
147.97884 3.00000 1.00000
159.22760 3.00000 1.00000
170.01259 3.00000 1.00000
190.37584 3.00000 1.00000
215.27528 3.00000 1.00000
246.09023 3.00000 1.00000
278.22181 3.00000 1.00000
307.13685 3.00000 1.00000
339.51776 3.00000 1.00000
356.95022 3.00000 1.00000
