62.38666 3.00000 1.00000
80.96855 3.00000 1.00000
93.28396 3.00000 1.00000
104.06572 3.00000 1.00000
116.51831 3.00000 1.00000
142.64740 3.00000 1.00000
161.73051 3.00000 1.00000
183.57856 3.00000 1.00000
213.09364 3.00000 1.00000
231.14351 3.00000 1.00000
241.40843 3.00000 1.00000
252.25824 3.00000 1.00000
262.98925 3.00000 1.00000
279.65870 3.00000 1.00000
290.30608 3.00000 1.00000
307.30545 3.00000 1.00000
319.33772 3.00000 1.00000
332.13706 3.00000 1.00000
343.73629 3.00000 1.00000
354.45209 3.00000 1.00000
