12.02803 3.00000 1.00000
31.34138 3.00000 1.00000
62.15686 3.00000 1.00000
68.85677 3.00000 1.00000
74.05629 3.00000 1.00000
104.78904 3.00000 1.00000
121.57040 3.00000 1.00000
127.00451 3.00000 1.00000
154.53764 3.00000 1.00000
175.53405 3.00000 1.00000
204.71453 3.00000 1.00000
209.88310 3.00000 1.00000
225.99839 3.00000 1.00000
231.93037 3.00000 1.00000
237.67984 3.00000 1.00000
254.17786 3.00000 1.00000
271.94332 3.00000 1.00000
314.60915 3.00000 1.00000
320.90695 3.00000 1.00000
326.79143 3.00000 1.00000
