18.37044 3.00000 1.00000
38.03442 3.00000 1.00000
48.48455 3.00000 1.00000
80.68242 3.00000 1.00000
92.71534 3.00000 1.00000
110.01380 3.00000 1.00000
132.02951 3.00000 1.00000
143.36129 3.00000 1.00000
162.09549 3.00000 1.00000
180.89423 3.00000 1.00000
193.09288 3.00000 1.00000
215.32510 3.00000 1.00000
242.93940 3.00000 1.00000
259.93859 3.00000 1.00000
279.78732 3.00000 1.00000
292.53733 3.00000 1.00000
303.98609 3.00000 1.00000
331.96860 3.00000 1.00000
345.48439 3.00000 1.00000
358.91665 3.00000 1.00000
