17.27044 3.00000 1.00000
47.00169 3.00000 1.00000
60.70051 3.00000 1.00000
82.56679 3.00000 1.00000
95.11538 3.00000 1.00000
114.18127 3.00000 1.00000
124.43086 3.00000 1.00000
136.87977 3.00000 1.00000
150.77984 3.00000 1.00000
161.59717 3.00000 1.00000
173.39445 3.00000 1.00000
183.65999 3.00000 1.00000
213.39356 3.00000 1.00000
230.19141 3.00000 1.00000
248.25742 3.00000 1.00000
261.47238 3.00000 1.00000
279.25466 3.00000 1.00000
307.81989 3.00000 1.00000
345.75143 3.00000 1.00000
358.95026 3.00000 1.00000
