24.95524 3.00000 1.00000
43.20353 3.00000 1.00000
54.02333 3.00000 1.00000
86.78393 3.00000 1.00000
99.53393 3.00000 1.00000
115.26606 3.00000 1.00000
137.06555 3.00000 1.00000
149.51392 3.00000 1.00000
169.38065 3.00000 1.00000
186.54521 3.00000 1.00000
198.66216 3.00000 1.00000
220.52505 3.00000 1.00000
248.45951 3.00000 1.00000
265.04086 3.00000 1.00000
287.32249 3.00000 1.00000
298.68932 3.00000 1.00000
309.08930 3.00000 1.00000
338.40166 3.00000 1.00000
353.70244 3.00000 1.00000
364.68504 3.00000 1.00000
