12.02573 3.00000 1.00000
28.24183 3.00000 1.00000
36.10982 3.00000 1.00000
41.64113 3.00000 1.00000
71.79168 3.00000 1.00000
77.08921 3.00000 1.00000
106.05749 3.00000 1.00000
196.53342 3.00000 1.00000
201.78191 3.00000 1.00000
208.08256 3.00000 1.00000
223.88171 3.00000 1.00000
241.69853 3.00000 1.00000
273.09526 3.00000 1.00000
291.69258 3.00000 1.00000
296.87981 3.00000 1.00000
301.90794 3.00000 1.00000
320.94400 3.00000 1.00000
326.67512 3.00000 1.00000
333.59152 3.00000 1.00000
339.99028 3.00000 1.00000
