16.53407 3.00000 1.00000
44.59914 3.00000 1.00000
55.66589 3.00000 1.00000
66.47948 3.00000 1.00000
77.38086 3.00000 1.00000
95.51312 3.00000 1.00000
115.52720 3.00000 1.00000
135.71021 3.00000 1.00000
146.11009 3.00000 1.00000
156.90928 3.00000 1.00000
167.35854 3.00000 1.00000
177.59150 3.00000 1.00000
187.84182 3.00000 1.00000
198.40648 3.00000 1.00000
208.13924 3.00000 1.00000
225.85284 3.00000 1.00000
235.53919 3.00000 1.00000
266.25250 3.00000 1.00000
276.01647 3.00000 1.00000
285.81835 3.00000 1.00000
296.48439 3.00000 1.00000
306.41634 3.00000 1.00000
323.81532 3.00000 1.00000
335.01462 3.00000 1.00000
347.38055 3.00000 1.00000
356.91371 3.00000 1.00000
367.76374 3.00000 1.00000
377.51391 3.00000 1.00000
387.19671 3.00000 1.00000
397.22827 3.00000 1.00000
