16.53338 3.00000 1.00000
69.14782 3.00000 1.00000
78.91142 3.00000 1.00000
88.93082 3.00000 1.00000
98.65996 3.00000 1.00000
108.59481 3.00000 1.00000
119.04424 3.00000 1.00000
137.40939 3.00000 1.00000
162.27659 3.00000 1.00000
172.07478 3.00000 1.00000
182.47494 3.00000 1.00000
200.62470 3.00000 1.00000
212.99076 3.00000 1.00000
222.80984 3.00000 1.00000
243.55538 3.00000 1.00000
253.42030 3.00000 1.00000
265.50233 3.00000 1.00000
276.70259 3.00000 1.00000
286.23557 3.00000 1.00000
304.31808 3.00000 1.00000
315.51702 3.00000 1.00000
326.18344 3.00000 1.00000
338.81509 3.00000 1.00000
348.54821 3.00000 1.00000
367.93015 3.00000 1.00000
