12.00530 3.00000 1.00000
29.78493 3.00000 1.00000
43.40217 3.00000 1.00000
58.56967 3.00000 1.00000
87.70114 3.00000 1.00000
100.56352 3.00000 1.00000
126.94848 3.00000 1.00000
146.24715 3.00000 1.00000
162.27983 3.00000 1.00000
174.04222 3.00000 1.00000
184.75862 3.00000 1.00000
208.86070 3.00000 1.00000
252.74004 3.00000 1.00000
270.12503 3.00000 1.00000
283.15261 3.00000 1.00000
295.33837 3.00000 1.00000
307.83693 3.00000 1.00000
321.12105 3.00000 1.00000
338.06958 3.00000 1.00000
357.56974 3.00000 1.00000
