19.03579 3.00000 1.00000
40.58464 3.00000 1.00000
52.48319 3.00000 1.00000
65.15085 3.00000 1.00000
82.31625 3.00000 1.00000
93.16223 3.00000 1.00000
111.31335 3.00000 1.00000
124.94664 3.00000 1.00000
148.94185 3.00000 1.00000
173.22829 3.00000 1.00000
183.60747 3.00000 1.00000
201.38971 3.00000 1.00000
214.35706 3.00000 1.00000
241.13936 3.00000 1.00000
263.41863 3.00000 1.00000
274.81823 3.00000 1.00000
295.55410 3.00000 1.00000
323.51511 3.00000 1.00000
338.46500 3.00000 1.00000
350.18300 3.00000 1.00000
