17.71925 3.00000 1.00000
37.13864 3.00000 1.00000
49.85346 3.00000 1.00000
63.70409 3.00000 1.00000
95.45300 3.00000 1.00000
106.44723 3.00000 1.00000
133.24809 3.00000 1.00000
151.39532 3.00000 1.00000
168.82778 3.00000 1.00000
179.27687 3.00000 1.00000
190.29210 3.00000 1.00000
214.57409 3.00000 1.00000
258.58966 3.00000 1.00000
277.60920 3.00000 1.00000
290.20882 3.00000 1.00000
301.38652 3.00000 1.00000
313.60656 3.00000 1.00000
326.32362 3.00000 1.00000
344.81686 3.00000 1.00000
362.61693 3.00000 1.00000
