17.53185 3.00000 1.00000
34.13078 3.00000 1.00000
48.09673 3.00000 1.00000
57.36515 3.00000 1.00000
65.61224 3.00000 1.00000
79.16239 3.00000 1.00000
93.71111 3.00000 1.00000
103.61086 3.00000 1.00000
112.21002 3.00000 1.00000
128.99197 3.00000 1.00000
139.49194 3.00000 1.00000
148.04163 3.00000 1.00000
170.30651 3.00000 1.00000
178.43930 3.00000 1.00000
197.58818 3.00000 1.00000
208.47327 3.00000 1.00000
216.62082 3.00000 1.00000
225.45353 3.00000 1.00000
233.97029 3.00000 1.00000
243.52122 3.00000 1.00000
253.23683 3.00000 1.00000
261.45111 3.00000 1.00000
271.45312 3.00000 1.00000
297.86971 3.00000 1.00000
312.03143 3.00000 1.00000
320.63502 3.00000 1.00000
330.09875 3.00000 1.00000
339.08024 3.00000 1.00000
