23.24131 3.00000 1.00000
69.22769 3.00000 1.00000
74.49731 3.00000 1.00000
79.81678 3.00000 1.00000
113.44814 3.00000 1.00000
120.91836 3.00000 1.00000
139.68911 3.00000 1.00000
156.60059 3.00000 1.00000
195.43551 3.00000 1.00000
201.05289 3.00000 1.00000
220.18311 3.00000 1.00000
226.26124 3.00000 1.00000
231.45042 3.00000 1.00000
237.18204 3.00000 1.00000
242.43354 3.00000 1.00000
247.52409 3.00000 1.00000
264.14572 3.00000 1.00000
333.02332 3.00000 1.00000
350.66255 3.00000 1.00000
367.77592 3.00000 1.00000
