24.15607 3.00000 1.00000
44.10714 3.00000 1.00000
57.50700 3.00000 1.00000
68.18934 3.00000 1.00000
91.31967 3.00000 1.00000
110.85281 3.00000 1.00000
126.60106 3.00000 1.00000
141.58289 3.00000 1.00000
169.43310 3.00000 1.00000
181.79956 3.00000 1.00000
206.84679 3.00000 1.00000
219.37792 3.00000 1.00000
230.21146 3.00000 1.00000
241.99323 3.00000 1.00000
264.97643 3.00000 1.00000
278.80867 3.00000 1.00000
299.42392 3.00000 1.00000
309.75569 3.00000 1.00000
326.48918 3.00000 1.00000
360.52207 3.00000 1.00000
