12.01484 3.00000 1.00000
30.04342 3.00000 1.00000
73.43967 3.00000 1.00000
79.45795 3.00000 1.00000
97.94053 3.00000 1.00000
116.03838 3.00000 1.00000
147.30264 3.00000 1.00000
152.67036 3.00000 1.00000
157.73674 3.00000 1.00000
190.51957 3.00000 1.00000
195.85006 3.00000 1.00000
248.21439 3.00000 1.00000
253.46346 3.00000 1.00000
284.41195 3.00000 1.00000
315.37819 3.00000 1.00000
332.45805 3.00000 1.00000
338.40973 3.00000 1.00000
344.47816 3.00000 1.00000
349.64235 3.00000 1.00000
365.57544 3.00000 1.00000
