17.30434 3.00000 1.00000
40.17030 3.00000 1.00000
51.86943 3.00000 1.00000
68.08535 3.00000 1.00000
80.36800 3.00000 1.00000
91.91729 3.00000 1.00000
114.19919 3.00000 1.00000
137.74667 3.00000 1.00000
156.37988 3.00000 1.00000
174.24641 3.00000 1.00000
185.87911 3.00000 1.00000
211.91101 3.00000 1.00000
226.92729 3.00000 1.00000
240.22543 3.00000 1.00000
252.72526 3.00000 1.00000
282.10636 3.00000 1.00000
299.20554 3.00000 1.00000
328.63757 3.00000 1.00000
339.97119 3.00000 1.00000
365.93634 3.00000 1.00000
