12.00409 3.00000 1.00000
34.65239 3.00000 1.00000
46.48538 3.00000 1.00000
62.71655 3.00000 1.00000
74.04961 3.00000 1.00000
86.79879 3.00000 1.00000
108.96421 3.00000 1.00000
132.42961 3.00000 1.00000
149.36195 3.00000 1.00000
169.16256 3.00000 1.00000
180.26190 3.00000 1.00000
206.60813 3.00000 1.00000
220.04198 3.00000 1.00000
233.14049 3.00000 1.00000
245.70718 3.00000 1.00000
277.07117 3.00000 1.00000
292.88770 3.00000 1.00000
323.25297 3.00000 1.00000
333.81785 3.00000 1.00000
357.60070 3.00000 1.00000
