17.13855 3.00000 1.00000
37.78689 3.00000 1.00000
50.42017 3.00000 1.00000
63.06910 3.00000 1.00000
85.95069 3.00000 1.00000
104.53471 3.00000 1.00000
121.29936 3.00000 1.00000
133.24856 3.00000 1.00000
164.18000 3.00000 1.00000
174.78000 3.00000 1.00000
201.32803 3.00000 1.00000
214.34383 3.00000 1.00000
224.82690 3.00000 1.00000
236.67705 3.00000 1.00000
259.60864 3.00000 1.00000
272.65696 3.00000 1.00000
292.54275 3.00000 1.00000
304.45595 3.00000 1.00000
320.88842 3.00000 1.00000
355.43615 3.00000 1.00000
