22.92444 3.00000 1.00000
28.70993 3.00000 1.00000
57.45776 3.00000 1.00000
98.56900 3.00000 1.00000
103.92069 3.00000 1.00000
119.57096 3.00000 1.00000
127.26968 3.00000 1.00000
143.30476 3.00000 1.00000
164.11861 3.00000 1.00000
192.36722 3.00000 1.00000
197.88255 3.00000 1.00000
258.33087 3.00000 1.00000
265.84441 3.00000 1.00000
270.91182 3.00000 1.00000
287.56145 3.00000 1.00000
305.79266 3.00000 1.00000
311.04537 3.00000 1.00000
317.52537 3.00000 1.00000
345.85539 3.00000 1.00000
350.97366 3.00000 1.00000
