12.02607 3.00000 1.00000
17.15869 3.00000 1.00000
22.72510 3.00000 1.00000
28.37600 3.00000 1.00000
133.10422 3.00000 1.00000
149.93632 3.00000 1.00000
179.61627 3.00000 1.00000
186.10028 3.00000 1.00000
230.01344 3.00000 1.00000
249.74617 3.00000 1.00000
266.39774 3.00000 1.00000
294.81211 3.00000 1.00000
313.62539 3.00000 1.00000
319.92584 3.00000 1.00000
326.20745 3.00000 1.00000
331.90975 3.00000 1.00000
349.25825 3.00000 1.00000
355.52356 3.00000 1.00000
360.70602 3.00000 1.00000
366.24118 3.00000 1.00000
