33.63602 3.00000 1.00000
46.25247 3.00000 1.00000
56.98392 3.00000 1.00000
69.80010 3.00000 1.00000
81.80013 3.00000 1.00000
95.13210 3.00000 1.00000
106.33190 3.00000 1.00000
121.59872 3.00000 1.00000
139.24674 3.00000 1.00000
156.09608 3.00000 1.00000
167.57755 3.00000 1.00000
192.92682 3.00000 1.00000
203.87676 3.00000 1.00000
216.72596 3.00000 1.00000
235.55784 3.00000 1.00000
255.07323 3.00000 1.00000
271.52230 3.00000 1.00000
283.22205 3.00000 1.00000
300.27166 3.00000 1.00000
337.68477 3.00000 1.00000
