36.91537 3.00000 1.00000
47.11765 3.00000 1.00000
58.04903 3.00000 1.00000
68.38159 3.00000 1.00000
81.72975 3.00000 1.00000
98.76305 3.00000 1.00000
109.02781 3.00000 1.00000
152.26046 3.00000 1.00000
177.40685 3.00000 1.00000
194.54113 3.00000 1.00000
228.63822 3.00000 1.00000
238.65363 3.00000 1.00000
264.18772 3.00000 1.00000
274.56687 3.00000 1.00000
284.18613 3.00000 1.00000
294.40132 3.00000 1.00000
304.40141 3.00000 1.00000
322.25019 3.00000 1.00000
333.01772 3.00000 1.00000
369.79565 3.00000 1.00000
380.58002 3.00000 1.00000
