23.88536 3.00000 1.00000
34.65104 3.00000 1.00000
44.18460 3.00000 1.00000
54.01739 3.00000 1.00000
64.79676 3.00000 1.00000
81.68268 3.00000 1.00000
98.66219 3.00000 1.00000
118.19473 3.00000 1.00000
138.73064 3.00000 1.00000
149.37822 3.00000 1.00000
195.75871 3.00000 1.00000
214.09197 3.00000 1.00000
223.75394 3.00000 1.00000
243.00568 3.00000 1.00000
260.58898 3.00000 1.00000
271.52213 3.00000 1.00000
281.15419 3.00000 1.00000
299.01957 3.00000 1.00000
310.35289 3.00000 1.00000
321.33608 3.00000 1.00000
330.96782 3.00000 1.00000
343.81693 3.00000 1.00000
354.78517 3.00000 1.00000
364.46605 3.00000 1.00000
374.51606 3.00000 1.00000
