38.85481 3.00000 1.00000
51.50484 3.00000 1.00000
62.36929 3.00000 1.00000
76.78532 3.00000 1.00000
89.10295 3.00000 1.00000
100.51668 3.00000 1.00000
112.76604 3.00000 1.00000
127.21617 3.00000 1.00000
144.54817 3.00000 1.00000
161.11482 3.00000 1.00000
173.19783 3.00000 1.00000
198.41219 3.00000 1.00000
210.86116 3.00000 1.00000
223.07785 3.00000 1.00000
243.76017 3.00000 1.00000
260.54302 3.00000 1.00000
278.07526 3.00000 1.00000
289.58931 3.00000 1.00000
305.28949 3.00000 1.00000
343.73868 3.00000 1.00000
