22.75298 3.00000 1.00000
52.86838 3.00000 1.00000
63.71762 3.00000 1.00000
74.90062 3.00000 1.00000
92.23207 3.00000 1.00000
111.44744 3.00000 1.00000
134.48055 3.00000 1.00000
155.42832 3.00000 1.00000
168.67758 3.00000 1.00000
180.14521 3.00000 1.00000
190.64452 3.00000 1.00000
207.62658 3.00000 1.00000
236.75799 3.00000 1.00000
248.02401 3.00000 1.00000
272.37507 3.00000 1.00000
292.73718 3.00000 1.00000
303.47066 3.00000 1.00000
320.35331 3.00000 1.00000
343.15197 3.00000 1.00000
354.96791 3.00000 1.00000
