12.02585 3.00000 1.00000
17.21123 3.00000 1.00000
35.90925 3.00000 1.00000
41.47624 3.00000 1.00000
47.35989 3.00000 1.00000
86.59040 3.00000 1.00000
104.05363 3.00000 1.00000
122.78542 3.00000 1.00000
128.33630 3.00000 1.00000
150.11708 3.00000 1.00000
201.36598 3.00000 1.00000
220.38122 3.00000 1.00000
225.54888 3.00000 1.00000
231.26482 3.00000 1.00000
260.37861 3.00000 1.00000
266.54555 3.00000 1.00000
285.79466 3.00000 1.00000
315.32696 3.00000 1.00000
334.80890 3.00000 1.00000
365.67460 3.00000 1.00000
