30.05448 3.00000 1.00000
58.33675 3.00000 1.00000
68.93480 3.00000 1.00000
81.45613 3.00000 1.00000
98.58427 3.00000 1.00000
116.75048 3.00000 1.00000
142.68223 3.00000 1.00000
161.86336 3.00000 1.00000
173.69649 3.00000 1.00000
185.39558 3.00000 1.00000
196.12927 3.00000 1.00000
214.61205 3.00000 1.00000
242.14231 3.00000 1.00000
254.07479 3.00000 1.00000
279.35810 3.00000 1.00000
298.35628 3.00000 1.00000
308.85627 3.00000 1.00000
325.97128 3.00000 1.00000
349.52122 3.00000 1.00000
359.98538 3.00000 1.00000
