25.94168 3.00000 1.00000
31.07652 3.00000 1.00000
49.44458 3.00000 1.00000
66.82559 3.00000 1.00000
109.48669 3.00000 1.00000
116.94842 3.00000 1.00000
122.18735 3.00000 1.00000
153.62959 3.00000 1.00000
172.13409 3.00000 1.00000
177.35187 3.00000 1.00000
182.56858 3.00000 1.00000
188.41625 3.00000 1.00000
193.96515 3.00000 1.00000
213.97841 3.00000 1.00000
252.89667 3.00000 1.00000
282.16374 3.00000 1.00000
288.51595 3.00000 1.00000
306.23839 3.00000 1.00000
326.74234 3.00000 1.00000
366.49182 3.00000 1.00000
