18.35160 1.50000 1.00000
25.40181 1.50000 1.00000
31.98432 1.50000 1.00000
43.48386 1.50000 1.00000
52.71705 1.50000 1.00000
63.16537 1.50000 1.00000
69.80004 1.50000 1.00000
79.83092 1.50000 1.00000
89.07769 1.50000 1.00000
98.76434 1.50000 1.00000
110.56210 1.50000 1.00000
121.46226 1.50000 1.00000
132.01067 1.50000 1.00000
143.01017 1.50000 1.00000
150.10952 1.50000 1.00000
159.34337 1.50000 1.00000
166.69112 1.50000 1.00000
176.00957 1.50000 1.00000
185.12597 1.50000 1.00000
197.00923 1.50000 1.00000
207.55747 1.50000 1.00000
216.80829 1.50000 1.00000
223.85853 1.50000 1.00000
230.49031 1.50000 1.00000
240.57310 1.50000 1.00000
247.27289 1.50000 1.00000
256.87068 1.50000 1.00000
265.08880 1.50000 1.00000
274.13502 1.50000 1.00000
284.12038 1.50000 1.00000
290.80327 1.50000 1.00000
300.28527 1.50000 1.00000
313.00303 1.50000 1.00000
322.50166 1.50000 1.00000
332.00131 1.50000 1.00000
341.73388 1.50000 1.00000
349.66729 1.50000 1.00000
358.81702 1.50000 1.00000
366.58219 1.50000 1.00000
378.04886 1.50000 1.00000
