17.66697 1.50000 1.00000
25.71916 1.50000 1.00000
34.83435 1.50000 1.00000
44.33199 1.50000 1.00000
51.40018 1.50000 1.00000
61.42989 1.50000 1.00000
72.43286 1.50000 1.00000
79.11458 1.50000 1.00000
87.16473 1.50000 1.00000
96.76489 1.50000 1.00000
105.86137 1.50000 1.00000
116.21360 1.50000 1.00000
125.42915 1.50000 1.00000
134.81152 1.50000 1.00000
145.26205 1.50000 1.00000
151.89184 1.50000 1.00000
163.69429 1.50000 1.00000
173.67766 1.50000 1.00000
181.44379 1.50000 1.00000
188.25714 1.50000 1.00000
197.30894 1.50000 1.00000
204.00865 1.50000 1.00000
213.25921 1.50000 1.00000
222.97457 1.50000 1.00000
232.82293 1.50000 1.00000
240.38957 1.50000 1.00000
248.33765 1.50000 1.00000
257.85223 1.50000 1.00000
267.35562 1.50000 1.00000
275.55630 1.50000 1.00000
285.75461 1.50000 1.00000
292.50075 1.50000 1.00000
303.40354 1.50000 1.00000
310.12047 1.50000 1.00000
317.21937 1.50000 1.00000
326.76871 1.50000 1.00000
338.23522 1.50000 1.00000
347.38294 1.50000 1.00000
356.53433 1.50000 1.00000
365.53294 1.50000 1.00000
