12.00620 3.00000 1.00000
23.60417 3.00000 1.00000
34.92259 3.00000 1.00000
53.95268 3.00000 1.00000
80.01836 3.00000 1.00000
102.71653 3.00000 1.00000
113.43307 3.00000 1.00000
124.83319 3.00000 1.00000
135.51533 3.00000 1.00000
147.70056 3.00000 1.00000
180.94548 3.00000 1.00000
192.22876 3.00000 1.00000
202.61270 3.00000 1.00000
244.85842 3.00000 1.00000
257.85884 3.00000 1.00000
268.90699 3.00000 1.00000
292.48890 3.00000 1.00000
309.88922 3.00000 1.00000
332.03694 3.00000 1.00000
344.00229 3.00000 1.00000
