18.59132 3.00000 1.00000
29.75655 3.00000 1.00000
41.02448 3.00000 1.00000
62.17254 3.00000 1.00000
85.11974 3.00000 1.00000
107.91863 3.00000 1.00000
118.68551 3.00000 1.00000
130.35224 3.00000 1.00000
141.94881 3.00000 1.00000
154.51673 3.00000 1.00000
186.51299 3.00000 1.00000
197.39629 3.00000 1.00000
208.76456 3.00000 1.00000
252.39467 3.00000 1.00000
263.62809 3.00000 1.00000
274.00918 3.00000 1.00000
297.52465 3.00000 1.00000
315.42387 3.00000 1.00000
337.69213 3.00000 1.00000
351.28827 3.00000 1.00000
