50.09262 3.00000 1.00000
55.40696 3.00000 1.00000
60.70731 3.00000 1.00000
66.65807 3.00000 1.00000
72.97420 3.00000 1.00000
88.42039 3.00000 1.00000
116.92058 3.00000 1.00000
121.95267 3.00000 1.00000
127.88607 3.00000 1.00000
171.51764 3.00000 1.00000
177.91763 3.00000 1.00000
185.01611 3.00000 1.00000
275.61251 3.00000 1.00000
280.79503 3.00000 1.00000
311.62757 3.00000 1.00000
317.68973 3.00000 1.00000
335.92374 3.00000 1.00000
342.84129 3.00000 1.00000
348.02457 3.00000 1.00000
366.00610 3.00000 1.00000
