19.28961 3.00000 1.00000
30.58818 3.00000 1.00000
44.67096 3.00000 1.00000
83.20142 3.00000 1.00000
101.20003 3.00000 1.00000
111.48230 3.00000 1.00000
139.69857 3.00000 1.00000
152.26361 3.00000 1.00000
165.36421 3.00000 1.00000
196.67984 3.00000 1.00000
208.61142 3.00000 1.00000
220.24401 3.00000 1.00000
232.11066 3.00000 1.00000
245.05966 3.00000 1.00000
258.70951 3.00000 1.00000
270.25783 3.00000 1.00000
294.24024 3.00000 1.00000
305.00563 3.00000 1.00000
330.40423 3.00000 1.00000
358.30211 3.00000 1.00000
