16.51908 3.00000 1.00000
44.19741 3.00000 1.00000
79.84725 3.00000 1.00000
90.66108 3.00000 1.00000
110.29478 3.00000 1.00000
129.27975 3.00000 1.00000
139.01376 3.00000 1.00000
157.60224 3.00000 1.00000
167.54477 3.00000 1.00000
177.27744 3.00000 1.00000
188.40851 3.00000 1.00000
198.27280 3.00000 1.00000
208.82378 3.00000 1.00000
234.89052 3.00000 1.00000
253.40529 3.00000 1.00000
269.93689 3.00000 1.00000
279.92027 3.00000 1.00000
316.92084 3.00000 1.00000
327.81783 3.00000 1.00000
337.49977 3.00000 1.00000
356.53094 3.00000 1.00000
382.49664 3.00000 1.00000
