12.00424 3.00000 1.00000
25.02119 3.00000 1.00000
37.13562 3.00000 1.00000
78.00043 3.00000 1.00000
95.09956 3.00000 1.00000
106.38280 3.00000 1.00000
133.11355 3.00000 1.00000
145.44567 3.00000 1.00000
158.92898 3.00000 1.00000
190.91066 3.00000 1.00000
202.96002 3.00000 1.00000
214.09193 3.00000 1.00000
225.95887 3.00000 1.00000
239.95702 3.00000 1.00000
253.17356 3.00000 1.00000
265.00623 3.00000 1.00000
286.02367 3.00000 1.00000
299.48783 3.00000 1.00000
325.23590 3.00000 1.00000
353.26822 3.00000 1.00000
