38.30890 3.00000 1.00000
54.15664 3.00000 1.00000
62.40652 3.00000 1.00000
67.90702 3.00000 1.00000
73.04208 3.00000 1.00000
78.07401 3.00000 1.00000
141.00439 3.00000 1.00000
146.31866 3.00000 1.00000
152.26784 3.00000 1.00000
157.41978 3.00000 1.00000
176.33197 3.00000 1.00000
183.86852 3.00000 1.00000
191.04771 3.00000 1.00000
197.04908 3.00000 1.00000
202.06559 3.00000 1.00000
208.33166 3.00000 1.00000
214.39903 3.00000 1.00000
219.61244 3.00000 1.00000
239.19705 3.00000 1.00000
325.19078 3.00000 1.00000
