17.05472 3.00000 1.00000
47.17014 3.00000 1.00000
58.92088 3.00000 1.00000
69.16882 3.00000 1.00000
80.16899 3.00000 1.00000
91.46837 3.00000 1.00000
102.83308 3.00000 1.00000
120.01574 3.00000 1.00000
134.78356 3.00000 1.00000
147.99718 3.00000 1.00000
172.09685 3.00000 1.00000
192.89519 3.00000 1.00000
205.84421 3.00000 1.00000
228.27712 3.00000 1.00000
239.12681 3.00000 1.00000
273.55756 3.00000 1.00000
284.00678 3.00000 1.00000
294.95669 3.00000 1.00000
321.27158 3.00000 1.00000
350.02010 3.00000 1.00000
