12.02852 3.00000 1.00000
29.97729 3.00000 1.00000
35.29457 3.00000 1.00000
40.79501 3.00000 1.00000
114.99038 3.00000 1.00000
161.21987 3.00000 1.00000
166.68618 3.00000 1.00000
185.71865 3.00000 1.00000
217.81638 3.00000 1.00000
223.23289 3.00000 1.00000
249.39727 3.00000 1.00000
254.88117 3.00000 1.00000
260.06491 3.00000 1.00000
266.61438 3.00000 1.00000
308.14465 3.00000 1.00000
315.32926 3.00000 1.00000
332.44269 3.00000 1.00000
339.41254 3.00000 1.00000
344.81000 3.00000 1.00000
361.54092 3.00000 1.00000
