27.50106 3.00000 1.00000
52.51610 3.00000 1.00000
69.58172 3.00000 1.00000
102.01062 3.00000 1.00000
127.34465 3.00000 1.00000
145.92827 3.00000 1.00000
156.49481 3.00000 1.00000
167.55979 3.00000 1.00000
177.37757 3.00000 1.00000
187.67587 3.00000 1.00000
199.20576 3.00000 1.00000
210.64141 3.00000 1.00000
227.94071 3.00000 1.00000
246.72413 3.00000 1.00000
257.17325 3.00000 1.00000
266.90459 3.00000 1.00000
291.35251 3.00000 1.00000
301.06958 3.00000 1.00000
310.58220 3.00000 1.00000
320.91944 3.00000 1.00000
332.38438 3.00000 1.00000
352.05007 3.00000 1.00000
361.95004 3.00000 1.00000
371.91571 3.00000 1.00000
