12.00354 3.00000 1.00000
26.31898 3.00000 1.00000
43.70267 3.00000 1.00000
85.09945 3.00000 1.00000
96.83324 3.00000 1.00000
108.34750 3.00000 1.00000
118.51486 3.00000 1.00000
129.14660 3.00000 1.00000
164.74417 3.00000 1.00000
226.54128 3.00000 1.00000
245.57439 3.00000 1.00000
255.98900 3.00000 1.00000
266.90643 3.00000 1.00000
280.43769 3.00000 1.00000
291.32256 3.00000 1.00000
303.07036 3.00000 1.00000
313.93717 3.00000 1.00000
331.73514 3.00000 1.00000
342.55148 3.00000 1.00000
353.18355 3.00000 1.00000
