24.40014 3.00000 1.00000
36.08000 3.00000 1.00000
54.76692 3.00000 1.00000
65.81385 3.00000 1.00000
82.38018 3.00000 1.00000
95.14871 3.00000 1.00000
105.06238 3.00000 1.00000
125.26095 3.00000 1.00000
141.79434 3.00000 1.00000
178.10806 3.00000 1.00000
187.82368 3.00000 1.00000
198.59272 3.00000 1.00000
216.88972 3.00000 1.00000
226.88598 3.00000 1.00000
236.60130 3.00000 1.00000
246.88704 3.00000 1.00000
256.65427 3.00000 1.00000
275.43643 3.00000 1.00000
285.25180 3.00000 1.00000
295.81833 3.00000 1.00000
311.98195 3.00000 1.00000
330.88189 3.00000 1.00000
340.84932 3.00000 1.00000
352.38137 3.00000 1.00000
362.91410 3.00000 1.00000
372.82959 3.00000 1.00000
390.81270 3.00000 1.00000
