23.42503 3.00000 1.00000
52.90424 3.00000 1.00000
64.13847 3.00000 1.00000
74.67131 3.00000 1.00000
86.25385 3.00000 1.00000
97.58713 3.00000 1.00000
107.96796 3.00000 1.00000
126.53557 3.00000 1.00000
140.68405 3.00000 1.00000
156.06580 3.00000 1.00000
179.46541 3.00000 1.00000
198.29230 3.00000 1.00000
212.02930 3.00000 1.00000
233.99630 3.00000 1.00000
244.27795 3.00000 1.00000
278.60897 3.00000 1.00000
289.79699 3.00000 1.00000
301.65782 3.00000 1.00000
326.43944 3.00000 1.00000
355.48832 3.00000 1.00000
