12.00398 3.00000 1.00000
36.35317 3.00000 1.00000
53.40098 3.00000 1.00000
77.91669 3.00000 1.00000
95.16581 3.00000 1.00000
107.38146 3.00000 1.00000
118.56367 3.00000 1.00000
159.11121 3.00000 1.00000
180.02809 3.00000 1.00000
195.14354 3.00000 1.00000
222.57450 3.00000 1.00000
234.55760 3.00000 1.00000
245.10746 3.00000 1.00000
257.07323 3.00000 1.00000
268.73996 3.00000 1.00000
280.58735 3.00000 1.00000
292.72154 3.00000 1.00000
314.86971 3.00000 1.00000
326.86885 3.00000 1.00000
360.60059 3.00000 1.00000
