12.02968 3.00000 1.00000
17.49459 3.00000 1.00000
24.42908 3.00000 1.00000
31.89344 3.00000 1.00000
60.34405 3.00000 1.00000
68.02463 3.00000 1.00000
73.19178 3.00000 1.00000
90.90926 3.00000 1.00000
96.39046 3.00000 1.00000
125.75587 3.00000 1.00000
144.93835 3.00000 1.00000
153.68768 3.00000 1.00000
173.40409 3.00000 1.00000
214.83261 3.00000 1.00000
219.96742 3.00000 1.00000
237.96656 3.00000 1.00000
279.31154 3.00000 1.00000
308.69303 3.00000 1.00000
326.22766 3.00000 1.00000
332.02703 3.00000 1.00000
