24.49312 3.00000 1.00000
31.14327 3.00000 1.00000
48.02301 3.00000 1.00000
66.84041 3.00000 1.00000
72.43923 3.00000 1.00000
89.72313 3.00000 1.00000
129.26928 3.00000 1.00000
135.98932 3.00000 1.00000
141.15276 3.00000 1.00000
146.90172 3.00000 1.00000
153.30129 3.00000 1.00000
171.28391 3.00000 1.00000
209.54799 3.00000 1.00000
217.01830 3.00000 1.00000
304.37745 3.00000 1.00000
309.81204 3.00000 1.00000
336.99273 3.00000 1.00000
343.92384 3.00000 1.00000
349.25648 3.00000 1.00000
354.79050 3.00000 1.00000
