37.02197 3.00000 1.00000
47.47053 3.00000 1.00000
78.50228 3.00000 1.00000
101.91755 3.00000 1.00000
115.10012 3.00000 1.00000
131.68151 3.00000 1.00000
159.24682 3.00000 1.00000
178.46202 3.00000 1.00000
190.62794 3.00000 1.00000
203.61194 3.00000 1.00000
226.35978 3.00000 1.00000
243.29248 3.00000 1.00000
254.32535 3.00000 1.00000
268.19137 3.00000 1.00000
284.75659 3.00000 1.00000
296.50619 3.00000 1.00000
314.48835 3.00000 1.00000
338.28611 3.00000 1.00000
349.58515 3.00000 1.00000
360.28586 3.00000 1.00000
