42.08936 3.00000 1.00000
52.98867 3.00000 1.00000
85.05375 3.00000 1.00000
107.98668 3.00000 1.00000
120.31879 3.00000 1.00000
138.45067 3.00000 1.00000
166.68262 3.00000 1.00000
184.19736 3.00000 1.00000
196.69709 3.00000 1.00000
209.54786 3.00000 1.00000
232.16319 3.00000 1.00000
249.12754 3.00000 1.00000
261.61168 3.00000 1.00000
273.57603 3.00000 1.00000
291.45944 3.00000 1.00000
302.05820 3.00000 1.00000
319.59106 3.00000 1.00000
344.15660 3.00000 1.00000
355.03794 3.00000 1.00000
366.98835 3.00000 1.00000
