17.83961 3.00000 1.00000
42.15488 3.00000 1.00000
59.47369 3.00000 1.00000
83.46946 3.00000 1.00000
101.93278 3.00000 1.00000
113.45083 3.00000 1.00000
124.01516 3.00000 1.00000
164.84726 3.00000 1.00000
187.46343 3.00000 1.00000
202.42906 3.00000 1.00000
229.27705 3.00000 1.00000
239.65926 3.00000 1.00000
250.49357 3.00000 1.00000
263.62398 3.00000 1.00000
274.67353 3.00000 1.00000
285.80702 3.00000 1.00000
298.59027 3.00000 1.00000
320.38812 3.00000 1.00000
331.93641 3.00000 1.00000
367.30226 3.00000 1.00000
