17.15846 3.00000 1.00000
55.60475 3.00000 1.00000
81.63763 3.00000 1.00000
94.18642 3.00000 1.00000
106.33545 3.00000 1.00000
117.70190 3.00000 1.00000
130.65094 3.00000 1.00000
147.23170 3.00000 1.00000
160.53214 3.00000 1.00000
171.19784 3.00000 1.00000
189.49556 3.00000 1.00000
200.44660 3.00000 1.00000
216.32799 3.00000 1.00000
227.76138 3.00000 1.00000
239.81109 3.00000 1.00000
264.47584 3.00000 1.00000
288.82461 3.00000 1.00000
319.32406 3.00000 1.00000
329.78749 3.00000 1.00000
349.85353 3.00000 1.00000
