26.30000 3.00000 1.00000
44.06623 3.00000 1.00000
53.79860 3.00000 1.00000
64.34815 3.00000 1.00000
88.26194 3.00000 1.00000
97.91360 3.00000 1.00000
108.69229 3.00000 1.00000
135.55867 3.00000 1.00000
155.40994 3.00000 1.00000
166.47549 3.00000 1.00000
195.82142 3.00000 1.00000
228.65656 3.00000 1.00000
273.06860 3.00000 1.00000
283.08555 3.00000 1.00000
322.01478 3.00000 1.00000
333.99886 3.00000 1.00000
344.94884 3.00000 1.00000
354.59759 3.00000 1.00000
364.33158 3.00000 1.00000
384.54659 3.00000 1.00000
394.60911 3.00000 1.00000
