26.42609 3.00000 1.00000
31.52477 3.00000 1.00000
36.65847 3.00000 1.00000
75.77355 3.00000 1.00000
83.29026 3.00000 1.00000
101.10298 3.00000 1.00000
133.43496 3.00000 1.00000
139.27175 3.00000 1.00000
145.83584 3.00000 1.00000
150.90128 3.00000 1.00000
168.16872 3.00000 1.00000
223.48151 3.00000 1.00000
241.28013 3.00000 1.00000
247.74536 3.00000 1.00000
276.01085 3.00000 1.00000
281.26159 3.00000 1.00000
286.99353 3.00000 1.00000
356.75771 3.00000 1.00000
361.95639 3.00000 1.00000
368.97277 3.00000 1.00000
