12.02197 3.00000 1.00000
49.55285 3.00000 1.00000
76.43536 3.00000 1.00000
86.71791 3.00000 1.00000
100.61726 3.00000 1.00000
111.81649 3.00000 1.00000
123.29908 3.00000 1.00000
141.38318 3.00000 1.00000
152.77966 3.00000 1.00000
165.66320 3.00000 1.00000
183.72956 3.00000 1.00000
195.21180 3.00000 1.00000
211.25988 3.00000 1.00000
221.46102 3.00000 1.00000
234.09353 3.00000 1.00000
258.02517 3.00000 1.00000
282.27230 3.00000 1.00000
312.27144 3.00000 1.00000
324.63672 3.00000 1.00000
343.10325 3.00000 1.00000
