12.00385 3.00000 1.00000
41.85197 3.00000 1.00000
53.38428 3.00000 1.00000
64.76737 3.00000 1.00000
88.84984 3.00000 1.00000
108.56495 3.00000 1.00000
120.61507 3.00000 1.00000
157.46294 3.00000 1.00000
175.97802 3.00000 1.00000
188.64345 3.00000 1.00000
199.59265 3.00000 1.00000
212.55808 3.00000 1.00000
229.09121 3.00000 1.00000
253.80670 3.00000 1.00000
265.37162 3.00000 1.00000
292.32054 3.00000 1.00000
305.40414 3.00000 1.00000
316.51963 3.00000 1.00000
329.53614 3.00000 1.00000
342.85103 3.00000 1.00000
