17.72161 3.00000 1.00000
47.90264 3.00000 1.00000
58.43649 3.00000 1.00000
70.63670 3.00000 1.00000
95.60167 3.00000 1.00000
115.01807 3.00000 1.00000
127.16659 3.00000 1.00000
162.61486 3.00000 1.00000
181.74685 3.00000 1.00000
194.36275 3.00000 1.00000
207.34546 3.00000 1.00000
217.79444 3.00000 1.00000
236.14317 3.00000 1.00000
259.34137 3.00000 1.00000
270.50834 3.00000 1.00000
297.52395 3.00000 1.00000
311.29462 3.00000 1.00000
322.82197 3.00000 1.00000
336.88609 3.00000 1.00000
350.31947 3.00000 1.00000
