16.53409 3.00000 1.00000
26.13273 3.00000 1.00000
36.24861 3.00000 1.00000
60.61470 3.00000 1.00000
80.03005 3.00000 1.00000
96.45976 3.00000 1.00000
106.06221 3.00000 1.00000
127.02500 3.00000 1.00000
136.56031 3.00000 1.00000
146.47699 3.00000 1.00000
164.72578 3.00000 1.00000
200.95631 3.00000 1.00000
229.82301 3.00000 1.00000
240.63713 3.00000 1.00000
260.92034 3.00000 1.00000
295.78294 3.00000 1.00000
305.56673 3.00000 1.00000
317.53359 3.00000 1.00000
327.14912 3.00000 1.00000
359.53145 3.00000 1.00000
370.18103 3.00000 1.00000
381.04605 3.00000 1.00000
