32.41837 3.00000 1.00000
43.01820 3.00000 1.00000
68.25002 3.00000 1.00000
85.08294 3.00000 1.00000
109.99861 3.00000 1.00000
126.51389 3.00000 1.00000
144.48042 3.00000 1.00000
157.97850 3.00000 1.00000
190.56031 3.00000 1.00000
213.37465 3.00000 1.00000
232.32378 3.00000 1.00000
244.75640 3.00000 1.00000
260.90544 3.00000 1.00000
271.70481 3.00000 1.00000
284.73762 3.00000 1.00000
302.32075 3.00000 1.00000
313.51989 3.00000 1.00000
325.71878 3.00000 1.00000
339.88601 3.00000 1.00000
358.06678 3.00000 1.00000
