12.02800 3.00000 1.00000
18.17583 3.00000 1.00000
24.59312 3.00000 1.00000
54.35779 3.00000 1.00000
61.93979 3.00000 1.00000
79.02136 3.00000 1.00000
97.72268 3.00000 1.00000
104.77130 3.00000 1.00000
121.23883 3.00000 1.00000
138.63691 3.00000 1.00000
168.53308 3.00000 1.00000
174.13697 3.00000 1.00000
179.96469 3.00000 1.00000
185.38290 3.00000 1.00000
201.56566 3.00000 1.00000
207.84884 3.00000 1.00000
227.18083 3.00000 1.00000
255.59633 3.00000 1.00000
295.96053 3.00000 1.00000
353.03664 3.00000 1.00000
