37.90832 3.00000 1.00000
48.23565 3.00000 1.00000
73.92120 3.00000 1.00000
90.90178 3.00000 1.00000
115.18309 3.00000 1.00000
133.18283 3.00000 1.00000
149.81350 3.00000 1.00000
163.43045 3.00000 1.00000
196.13011 3.00000 1.00000
218.42632 3.00000 1.00000
239.70861 3.00000 1.00000
250.31018 3.00000 1.00000
266.33979 3.00000 1.00000
278.35898 3.00000 1.00000
290.40736 3.00000 1.00000
307.75602 3.00000 1.00000
318.58803 3.00000 1.00000
334.48744 3.00000 1.00000
347.76891 3.00000 1.00000
364.58614 3.00000 1.00000
