12.00522 3.00000 1.00000
23.08688 3.00000 1.00000
39.85232 3.00000 1.00000
61.89953 3.00000 1.00000
79.76695 3.00000 1.00000
90.53290 3.00000 1.00000
101.11604 3.00000 1.00000
127.61217 3.00000 1.00000
138.59604 3.00000 1.00000
149.26294 3.00000 1.00000
180.87770 3.00000 1.00000
233.04048 3.00000 1.00000
246.20604 3.00000 1.00000
263.75673 3.00000 1.00000
277.40582 3.00000 1.00000
287.87063 3.00000 1.00000
298.70501 3.00000 1.00000
313.53688 3.00000 1.00000
330.11913 3.00000 1.00000
355.65007 3.00000 1.00000
