17.82080 3.00000 1.00000
28.42023 3.00000 1.00000
44.90342 3.00000 1.00000
69.28621 3.00000 1.00000
85.43551 3.00000 1.00000
95.98374 3.00000 1.00000
106.18354 3.00000 1.00000
133.16865 3.00000 1.00000
143.81450 3.00000 1.00000
154.45042 3.00000 1.00000
187.52975 3.00000 1.00000
240.92612 3.00000 1.00000
251.87482 3.00000 1.00000
270.27321 3.00000 1.00000
282.83969 3.00000 1.00000
293.43985 3.00000 1.00000
305.37237 3.00000 1.00000
318.97073 3.00000 1.00000
335.60315 3.00000 1.00000
364.41720 3.00000 1.00000
