12.02281 3.00000 1.00000
48.40370 3.00000 1.00000
74.68536 3.00000 1.00000
94.33394 3.00000 1.00000
121.01530 3.00000 1.00000
137.36534 3.00000 1.00000
150.41440 3.00000 1.00000
162.38105 3.00000 1.00000
172.87954 3.00000 1.00000
184.69475 3.00000 1.00000
211.96119 3.00000 1.00000
228.30914 3.00000 1.00000
240.69235 3.00000 1.00000
251.97554 3.00000 1.00000
270.35735 3.00000 1.00000
284.17208 3.00000 1.00000
320.85435 3.00000 1.00000
332.93586 3.00000 1.00000
348.66893 3.00000 1.00000
360.81906 3.00000 1.00000
