19.52410 3.00000 1.00000
53.57378 3.00000 1.00000
80.52152 3.00000 1.00000
102.25244 3.00000 1.00000
126.98537 3.00000 1.00000
143.61818 3.00000 1.00000
156.19901 3.00000 1.00000
167.48067 3.00000 1.00000
178.18073 3.00000 1.00000
190.08084 3.00000 1.00000
217.06916 3.00000 1.00000
235.12775 3.00000 1.00000
246.84559 3.00000 1.00000
257.22721 3.00000 1.00000
278.27747 3.00000 1.00000
290.00840 3.00000 1.00000
326.40735 3.00000 1.00000
338.02131 3.00000 1.00000
355.28928 3.00000 1.00000
366.40315 3.00000 1.00000
