16.51365 3.00000 1.00000
33.93077 3.00000 1.00000
45.08183 3.00000 1.00000
65.36101 3.00000 1.00000
75.34611 3.00000 1.00000
92.74634 3.00000 1.00000
120.16206 3.00000 1.00000
156.39283 3.00000 1.00000
166.75769 3.00000 1.00000
176.40908 3.00000 1.00000
189.05785 3.00000 1.00000
215.98998 3.00000 1.00000
226.07378 3.00000 1.00000
236.05494 3.00000 1.00000
248.50304 3.00000 1.00000
258.78603 3.00000 1.00000
280.06543 3.00000 1.00000
289.89995 3.00000 1.00000
299.95043 3.00000 1.00000
309.51699 3.00000 1.00000
321.28098 3.00000 1.00000
332.06676 3.00000 1.00000
342.24857 3.00000 1.00000
353.73527 3.00000 1.00000
363.43008 3.00000 1.00000
373.18053 3.00000 1.00000
383.87800 3.00000 1.00000
394.69583 3.00000 1.00000
