26.20079 3.00000 1.00000
45.74928 3.00000 1.00000
55.73002 3.00000 1.00000
66.76409 3.00000 1.00000
76.31353 3.00000 1.00000
94.35908 3.00000 1.00000
104.17579 3.00000 1.00000
114.21148 3.00000 1.00000
124.57662 3.00000 1.00000
134.61124 3.00000 1.00000
158.07411 3.00000 1.00000
167.74284 3.00000 1.00000
180.19129 3.00000 1.00000
191.95621 3.00000 1.00000
209.12325 3.00000 1.00000
219.20743 3.00000 1.00000
229.90118 3.00000 1.00000
248.88626 3.00000 1.00000
258.41890 3.00000 1.00000
268.33425 3.00000 1.00000
278.10148 3.00000 1.00000
289.26576 3.00000 1.00000
300.73344 3.00000 1.00000
311.01785 3.00000 1.00000
321.61637 3.00000 1.00000
331.76317 3.00000 1.00000
342.19761 3.00000 1.00000
361.07753 3.00000 1.00000
371.51414 3.00000 1.00000
389.64635 3.00000 1.00000
411.91217 3.00000 1.00000
