12.00450 3.00000 1.00000
37.55296 3.00000 1.00000
60.78378 3.00000 1.00000
76.43305 3.00000 1.00000
87.49934 3.00000 1.00000
111.06468 3.00000 1.00000
129.19734 3.00000 1.00000
148.68175 3.00000 1.00000
169.89377 3.00000 1.00000
181.99477 3.00000 1.00000
192.82646 3.00000 1.00000
204.54177 3.00000 1.00000
215.92484 3.00000 1.00000
226.89041 3.00000 1.00000
245.32315 3.00000 1.00000
256.79081 3.00000 1.00000
273.85555 3.00000 1.00000
292.98682 3.00000 1.00000
325.88668 3.00000 1.00000
337.96725 3.00000 1.00000
