12.01317 3.00000 1.00000
17.27849 3.00000 1.00000
22.79428 3.00000 1.00000
30.27685 3.00000 1.00000
36.62559 3.00000 1.00000
42.30975 3.00000 1.00000
47.85962 3.00000 1.00000
54.42502 3.00000 1.00000
59.57438 3.00000 1.00000
81.30821 3.00000 1.00000
172.41729 3.00000 1.00000
177.91761 3.00000 1.00000
197.88377 3.00000 1.00000
229.08270 3.00000 1.00000
245.51506 3.00000 1.00000
251.79722 3.00000 1.00000
282.21144 3.00000 1.00000
311.32862 3.00000 1.00000
362.97684 3.00000 1.00000
368.04179 3.00000 1.00000
