23.52496 3.00000 1.00000
35.12216 3.00000 1.00000
80.47025 3.00000 1.00000
93.77067 3.00000 1.00000
112.26893 3.00000 1.00000
133.35110 3.00000 1.00000
151.91717 3.00000 1.00000
171.03206 3.00000 1.00000
186.78176 3.00000 1.00000
211.84725 3.00000 1.00000
227.89562 3.00000 1.00000
239.57840 3.00000 1.00000
262.01172 3.00000 1.00000
272.29125 3.00000 1.00000
282.55755 3.00000 1.00000
304.97321 3.00000 1.00000
319.02298 3.00000 1.00000
331.28941 3.00000 1.00000
344.72241 3.00000 1.00000
362.92158 3.00000 1.00000
