73.50532 3.00000 1.00000
91.63667 3.00000 1.00000
104.95234 3.00000 1.00000
118.10214 3.00000 1.00000
129.50432 3.00000 1.00000
143.43240 3.00000 1.00000
153.71607 3.00000 1.00000
165.86701 3.00000 1.00000
190.86521 3.00000 1.00000
209.77873 3.00000 1.00000
223.24769 3.00000 1.00000
240.02816 3.00000 1.00000
266.34337 3.00000 1.00000
277.09351 3.00000 1.00000
293.29179 3.00000 1.00000
306.24137 3.00000 1.00000
322.70635 3.00000 1.00000
334.49081 3.00000 1.00000
346.85545 3.00000 1.00000
357.37180 3.00000 1.00000
