17.75526 3.00000 1.00000
29.07151 3.00000 1.00000
74.01794 3.00000 1.00000
87.46829 3.00000 1.00000
106.55121 3.00000 1.00000
126.59912 3.00000 1.00000
146.37981 3.00000 1.00000
165.17979 3.00000 1.00000
179.73011 3.00000 1.00000
204.37827 3.00000 1.00000
222.65993 3.00000 1.00000
233.02541 3.00000 1.00000
256.12432 3.00000 1.00000
267.14113 3.00000 1.00000
277.42336 3.00000 1.00000
299.90563 3.00000 1.00000
311.67158 3.00000 1.00000
325.57181 3.00000 1.00000
336.96978 3.00000 1.00000
357.71966 3.00000 1.00000
