68.26836 3.00000 1.00000
86.50191 3.00000 1.00000
97.60122 3.00000 1.00000
111.65091 3.00000 1.00000
123.64949 3.00000 1.00000
135.96487 3.00000 1.00000
148.56494 3.00000 1.00000
160.14697 3.00000 1.00000
184.81351 3.00000 1.00000
203.02819 3.00000 1.00000
215.49547 3.00000 1.00000
234.30955 3.00000 1.00000
259.29197 3.00000 1.00000
271.55828 3.00000 1.00000
287.40685 3.00000 1.00000
301.17198 3.00000 1.00000
316.93744 3.00000 1.00000
327.93736 3.00000 1.00000
340.55327 3.00000 1.00000
352.17010 3.00000 1.00000
