12.02805 3.00000 1.00000
40.62627 3.00000 1.00000
46.24405 3.00000 1.00000
51.30759 3.00000 1.00000
57.34173 3.00000 1.00000
62.47489 3.00000 1.00000
68.92529 3.00000 1.00000
99.08846 3.00000 1.00000
120.15602 3.00000 1.00000
141.15499 3.00000 1.00000
158.83731 3.00000 1.00000
192.01851 3.00000 1.00000
198.10096 3.00000 1.00000
217.04946 3.00000 1.00000
244.76769 3.00000 1.00000
250.28164 3.00000 1.00000
287.81241 3.00000 1.00000
294.36108 3.00000 1.00000
352.22604 3.00000 1.00000
368.14216 3.00000 1.00000
