23.75618 3.00000 1.00000
35.98724 3.00000 1.00000
47.55361 3.00000 1.00000
70.43648 3.00000 1.00000
105.20101 3.00000 1.00000
122.79897 3.00000 1.00000
140.46463 3.00000 1.00000
157.24730 3.00000 1.00000
169.84672 3.00000 1.00000
187.34446 3.00000 1.00000
197.97862 3.00000 1.00000
222.26005 3.00000 1.00000
232.59434 3.00000 1.00000
262.47304 3.00000 1.00000
273.72292 3.00000 1.00000
284.88960 3.00000 1.00000
310.40350 3.00000 1.00000
328.12081 3.00000 1.00000
338.98699 3.00000 1.00000
353.15294 3.00000 1.00000
