12.00646 3.00000 1.00000
30.03757 3.00000 1.00000
40.81952 3.00000 1.00000
65.83564 3.00000 1.00000
88.35065 3.00000 1.00000
99.35096 3.00000 1.00000
112.61701 3.00000 1.00000
130.63151 3.00000 1.00000
159.23034 3.00000 1.00000
171.41311 3.00000 1.00000
187.92788 3.00000 1.00000
207.66106 3.00000 1.00000
221.49306 3.00000 1.00000
232.40949 3.00000 1.00000
242.90834 3.00000 1.00000
253.87414 3.00000 1.00000
266.70755 3.00000 1.00000
301.63742 3.00000 1.00000
315.08704 3.00000 1.00000
338.00355 3.00000 1.00000
