12.02565 3.00000 1.00000
54.00726 3.00000 1.00000
59.21008 3.00000 1.00000
76.68900 3.00000 1.00000
82.73984 3.00000 1.00000
91.58941 3.00000 1.00000
111.33898 3.00000 1.00000
127.91932 3.00000 1.00000
146.32028 3.00000 1.00000
174.96683 3.00000 1.00000
203.86680 3.00000 1.00000
210.69895 3.00000 1.00000
237.97869 3.00000 1.00000
243.66227 3.00000 1.00000
250.59505 3.00000 1.00000
293.22839 3.00000 1.00000
299.65841 3.00000 1.00000
315.87669 3.00000 1.00000
358.70369 3.00000 1.00000
364.40645 3.00000 1.00000
