18.50356 3.00000 1.00000
29.61936 3.00000 1.00000
41.20134 3.00000 1.00000
64.96748 3.00000 1.00000
97.89986 3.00000 1.00000
116.36408 3.00000 1.00000
133.47903 3.00000 1.00000
151.86240 3.00000 1.00000
164.62728 3.00000 1.00000
180.79324 3.00000 1.00000
192.49235 3.00000 1.00000
216.20820 3.00000 1.00000
227.57485 3.00000 1.00000
256.85636 3.00000 1.00000
268.10616 3.00000 1.00000
279.87117 3.00000 1.00000
305.10263 3.00000 1.00000
321.13672 3.00000 1.00000
333.60254 3.00000 1.00000
344.95265 3.00000 1.00000
