18.99077 3.00000 1.00000
35.29083 3.00000 1.00000
45.83955 3.00000 1.00000
71.45369 3.00000 1.00000
93.96784 3.00000 1.00000
106.65084 3.00000 1.00000
117.91945 3.00000 1.00000
135.65058 3.00000 1.00000
165.66613 3.00000 1.00000
176.86493 3.00000 1.00000
194.29794 3.00000 1.00000
215.86119 3.00000 1.00000
226.71282 3.00000 1.00000
237.79341 3.00000 1.00000
248.39275 3.00000 1.00000
259.26180 3.00000 1.00000
272.75963 3.00000 1.00000
308.62423 3.00000 1.00000
321.43914 3.00000 1.00000
344.55351 3.00000 1.00000
