24.14271 3.00000 1.00000
54.67448 3.00000 1.00000
60.70959 3.00000 1.00000
76.64028 3.00000 1.00000
82.79069 3.00000 1.00000
124.37097 3.00000 1.00000
141.10635 3.00000 1.00000
147.26990 3.00000 1.00000
153.55184 3.00000 1.00000
182.41774 3.00000 1.00000
201.23404 3.00000 1.00000
278.62835 3.00000 1.00000
284.46193 3.00000 1.00000
289.49370 3.00000 1.00000
296.31076 3.00000 1.00000
326.90880 3.00000 1.00000
332.77584 3.00000 1.00000
351.94217 3.00000 1.00000
360.29155 3.00000 1.00000
366.60601 3.00000 1.00000
