29.84042 3.00000 1.00000
65.35503 3.00000 1.00000
75.95406 3.00000 1.00000
94.30128 3.00000 1.00000
105.93510 3.00000 1.00000
118.41739 3.00000 1.00000
129.40037 3.00000 1.00000
146.91568 3.00000 1.00000
164.79825 3.00000 1.00000
176.58212 3.00000 1.00000
189.31355 3.00000 1.00000
209.22964 3.00000 1.00000
220.02930 3.00000 1.00000
235.29511 3.00000 1.00000
279.47396 3.00000 1.00000
296.34106 3.00000 1.00000
307.60700 3.00000 1.00000
319.65581 3.00000 1.00000
351.15302 3.00000 1.00000
368.93561 3.00000 1.00000
