29.07022 3.00000 1.00000
52.88632 3.00000 1.00000
64.23656 3.00000 1.00000
77.61850 3.00000 1.00000
90.63507 3.00000 1.00000
103.30022 3.00000 1.00000
124.03282 3.00000 1.00000
153.11392 3.00000 1.00000
177.47988 3.00000 1.00000
200.76186 3.00000 1.00000
211.12601 3.00000 1.00000
227.19323 3.00000 1.00000
238.55870 3.00000 1.00000
282.27251 3.00000 1.00000
302.05592 3.00000 1.00000
313.72090 3.00000 1.00000
325.40405 3.00000 1.00000
338.15278 3.00000 1.00000
348.70166 3.00000 1.00000
362.05105 3.00000 1.00000
