22.48772 3.00000 1.00000
58.60370 3.00000 1.00000
70.90169 3.00000 1.00000
86.55007 3.00000 1.00000
100.73433 3.00000 1.00000
111.96661 3.00000 1.00000
123.63221 3.00000 1.00000
140.86464 3.00000 1.00000
158.94650 3.00000 1.00000
171.34723 3.00000 1.00000
183.59585 3.00000 1.00000
202.92750 3.00000 1.00000
214.49252 3.00000 1.00000
227.82566 3.00000 1.00000
272.92298 3.00000 1.00000
290.45609 3.00000 1.00000
301.88886 3.00000 1.00000
314.50509 3.00000 1.00000
344.10257 3.00000 1.00000
363.80252 3.00000 1.00000
