18.62070 3.00000 1.00000
45.85036 3.00000 1.00000
59.90328 3.00000 1.00000
86.35159 3.00000 1.00000
103.07947 3.00000 1.00000
119.58208 3.00000 1.00000
139.21398 3.00000 1.00000
149.42982 3.00000 1.00000
159.99601 3.00000 1.00000
170.44419 3.00000 1.00000
193.54428 3.00000 1.00000
205.07663 3.00000 1.00000
215.76103 3.00000 1.00000
268.75540 3.00000 1.00000
279.68913 3.00000 1.00000
292.55543 3.00000 1.00000
310.35437 3.00000 1.00000
325.78390 3.00000 1.00000
344.01925 3.00000 1.00000
356.09949 3.00000 1.00000
