23.73911 3.00000 1.00000
54.07313 3.00000 1.00000
67.76970 3.00000 1.00000
91.93709 3.00000 1.00000
108.50137 3.00000 1.00000
125.34611 3.00000 1.00000
144.22932 3.00000 1.00000
154.92971 3.00000 1.00000
165.23103 3.00000 1.00000
176.88118 3.00000 1.00000
199.89674 3.00000 1.00000
210.21226 3.00000 1.00000
220.86064 3.00000 1.00000
273.77703 3.00000 1.00000
286.96992 3.00000 1.00000
297.63915 3.00000 1.00000
315.47322 3.00000 1.00000
330.81742 3.00000 1.00000
350.40529 3.00000 1.00000
364.53410 3.00000 1.00000
