17.02217 3.00000 1.00000
44.40373 3.00000 1.00000
82.30236 3.00000 1.00000
105.46823 3.00000 1.00000
116.86729 3.00000 1.00000
127.35140 3.00000 1.00000
153.06360 3.00000 1.00000
163.62969 3.00000 1.00000
174.69478 3.00000 1.00000
193.66218 3.00000 1.00000
206.84659 3.00000 1.00000
217.86095 3.00000 1.00000
230.57477 3.00000 1.00000
246.59259 3.00000 1.00000
257.35860 3.00000 1.00000
271.09150 3.00000 1.00000
288.20307 3.00000 1.00000
315.57066 3.00000 1.00000
336.05380 3.00000 1.00000
349.02158 3.00000 1.00000
