22.08003 3.00000 1.00000
27.79512 3.00000 1.00000
33.39293 3.00000 1.00000
50.35645 3.00000 1.00000
57.31856 3.00000 1.00000
65.39209 3.00000 1.00000
71.57735 3.00000 1.00000
87.48872 3.00000 1.00000
94.04183 3.00000 1.00000
133.96318 3.00000 1.00000
139.61950 3.00000 1.00000
182.31820 3.00000 1.00000
235.71521 3.00000 1.00000
277.52619 3.00000 1.00000
293.94225 3.00000 1.00000
299.05730 3.00000 1.00000
321.00880 3.00000 1.00000
354.23930 3.00000 1.00000
359.60708 3.00000 1.00000
365.70308 3.00000 1.00000
