12.00121 3.00000 1.00000
39.31586 3.00000 1.00000
77.16690 3.00000 1.00000
100.23255 3.00000 1.00000
111.28240 3.00000 1.00000
122.23305 3.00000 1.00000
144.84626 3.00000 1.00000
158.61180 3.00000 1.00000
169.65864 3.00000 1.00000
187.89334 3.00000 1.00000
200.41057 3.00000 1.00000
212.35892 3.00000 1.00000
224.22221 3.00000 1.00000
241.48741 3.00000 1.00000
252.23947 3.00000 1.00000
263.80568 3.00000 1.00000
282.78826 3.00000 1.00000
307.13606 3.00000 1.00000
328.18321 3.00000 1.00000
342.63443 3.00000 1.00000
