16.51545 3.00000 1.00000
26.73029 3.00000 1.00000
36.49694 3.00000 1.00000
46.11483 3.00000 1.00000
66.09570 3.00000 1.00000
76.11106 3.00000 1.00000
85.67693 3.00000 1.00000
112.17580 3.00000 1.00000
124.29338 3.00000 1.00000
153.99088 3.00000 1.00000
163.92678 3.00000 1.00000
182.67331 3.00000 1.00000
192.92265 3.00000 1.00000
202.98974 3.00000 1.00000
213.08718 3.00000 1.00000
222.78801 3.00000 1.00000
241.42285 3.00000 1.00000
251.58420 3.00000 1.00000
262.45041 3.00000 1.00000
273.03510 3.00000 1.00000
283.36879 3.00000 1.00000
294.85153 3.00000 1.00000
305.96457 3.00000 1.00000
315.64776 3.00000 1.00000
326.09715 3.00000 1.00000
336.51624 3.00000 1.00000
346.79545 3.00000 1.00000
356.42967 3.00000 1.00000
365.99478 3.00000 1.00000
376.54466 3.00000 1.00000
386.69436 3.00000 1.00000
397.79276 3.00000 1.00000
408.74493 3.00000 1.00000
