16.51776 3.00000 1.00000
34.41285 3.00000 1.00000
44.72895 3.00000 1.00000
54.57822 3.00000 1.00000
65.51065 3.00000 1.00000
78.09517 3.00000 1.00000
87.97924 3.00000 1.00000
98.07812 3.00000 1.00000
107.64230 3.00000 1.00000
117.72471 3.00000 1.00000
127.79245 3.00000 1.00000
148.37267 3.00000 1.00000
159.05546 3.00000 1.00000
178.33946 3.00000 1.00000
188.55460 3.00000 1.00000
199.08816 3.00000 1.00000
211.22148 3.00000 1.00000
221.28642 3.00000 1.00000
240.80251 3.00000 1.00000
251.91965 3.00000 1.00000
262.88275 3.00000 1.00000
280.58192 3.00000 1.00000
300.14965 3.00000 1.00000
341.19679 3.00000 1.00000
350.84595 3.00000 1.00000
360.99446 3.00000 1.00000
371.27748 3.00000 1.00000
381.87616 3.00000 1.00000
391.64554 3.00000 1.00000
401.60873 3.00000 1.00000
