24.47486 3.00000 1.00000
56.17324 3.00000 1.00000
94.28919 3.00000 1.00000
113.02106 3.00000 1.00000
119.53786 3.00000 1.00000
125.75249 3.00000 1.00000
155.50101 3.00000 1.00000
174.15071 3.00000 1.00000
180.28364 3.00000 1.00000
185.53271 3.00000 1.00000
229.69862 3.00000 1.00000
236.89686 3.00000 1.00000
266.25943 3.00000 1.00000
271.72880 3.00000 1.00000
277.59428 3.00000 1.00000
282.72652 3.00000 1.00000
288.44333 3.00000 1.00000
293.56058 3.00000 1.00000
324.42602 3.00000 1.00000
352.97235 3.00000 1.00000
