52.84067 3.00000 1.00000
59.74002 3.00000 1.00000
76.44100 3.00000 1.00000
92.72186 3.00000 1.00000
99.92059 3.00000 1.00000
116.10318 3.00000 1.00000
121.58748 3.00000 1.00000
138.46948 3.00000 1.00000
144.60317 3.00000 1.00000
195.04832 3.00000 1.00000
200.89884 3.00000 1.00000
218.36424 3.00000 1.00000
225.86385 3.00000 1.00000
231.69436 3.00000 1.00000
248.13075 3.00000 1.00000
254.34380 3.00000 1.00000
308.67602 3.00000 1.00000
341.47440 3.00000 1.00000
348.30628 3.00000 1.00000
366.23808 3.00000 1.00000
