12.02059 3.00000 1.00000
25.16851 3.00000 1.00000
40.73486 3.00000 1.00000
65.68339 3.00000 1.00000
81.74907 3.00000 1.00000
105.09811 3.00000 1.00000
127.44713 3.00000 1.00000
150.49638 3.00000 1.00000
161.26146 3.00000 1.00000
172.49521 3.00000 1.00000
182.59260 3.00000 1.00000
206.35851 3.00000 1.00000
236.77414 3.00000 1.00000
260.38905 3.00000 1.00000
271.62129 3.00000 1.00000
283.18751 3.00000 1.00000
297.13614 3.00000 1.00000
316.03575 3.00000 1.00000
329.43386 3.00000 1.00000
355.05000 3.00000 1.00000
