23.51669 3.00000 1.00000
41.85011 3.00000 1.00000
54.06611 3.00000 1.00000
63.76410 3.00000 1.00000
75.62881 3.00000 1.00000
86.01229 3.00000 1.00000
97.42992 3.00000 1.00000
107.64268 3.00000 1.00000
140.80984 3.00000 1.00000
151.24198 3.00000 1.00000
161.39257 3.00000 1.00000
171.75639 3.00000 1.00000
181.37457 3.00000 1.00000
205.33908 3.00000 1.00000
232.10339 3.00000 1.00000
243.50364 3.00000 1.00000
255.50242 3.00000 1.00000
272.43725 3.00000 1.00000
311.73250 3.00000 1.00000
331.76501 3.00000 1.00000
343.09938 3.00000 1.00000
368.54557 3.00000 1.00000
