18.27308 3.00000 1.00000
32.83726 3.00000 1.00000
47.71980 3.00000 1.00000
71.20215 3.00000 1.00000
87.05125 3.00000 1.00000
111.01717 3.00000 1.00000
132.54840 3.00000 1.00000
155.58003 3.00000 1.00000
166.83000 3.00000 1.00000
177.54475 3.00000 1.00000
188.62912 3.00000 1.00000
212.72721 3.00000 1.00000
243.02592 3.00000 1.00000
266.12372 3.00000 1.00000
277.72508 3.00000 1.00000
290.70522 3.00000 1.00000
302.17201 3.00000 1.00000
321.73691 3.00000 1.00000
336.33672 3.00000 1.00000
360.51871 3.00000 1.00000
