18.05470 3.00000 1.00000
36.50477 3.00000 1.00000
49.43673 3.00000 1.00000
66.33770 3.00000 1.00000
76.50121 3.00000 1.00000
88.96798 3.00000 1.00000
107.55084 3.00000 1.00000
136.63028 3.00000 1.00000
149.83279 3.00000 1.00000
168.09663 3.00000 1.00000
197.64665 3.00000 1.00000
209.54441 3.00000 1.00000
223.87704 3.00000 1.00000
248.75878 3.00000 1.00000
260.75805 3.00000 1.00000
303.95493 3.00000 1.00000
316.72238 3.00000 1.00000
335.13523 3.00000 1.00000
347.30379 3.00000 1.00000
366.36849 3.00000 1.00000
