12.00427 3.00000 1.00000
30.40312 3.00000 1.00000
44.40217 3.00000 1.00000
61.23499 3.00000 1.00000
71.41571 3.00000 1.00000
83.39976 3.00000 1.00000
99.88069 3.00000 1.00000
130.89606 3.00000 1.00000
142.31151 3.00000 1.00000
162.39523 3.00000 1.00000
191.39323 3.00000 1.00000
204.07662 3.00000 1.00000
216.89193 3.00000 1.00000
243.72278 3.00000 1.00000
254.39007 3.00000 1.00000
298.65384 3.00000 1.00000
309.81870 3.00000 1.00000
329.61779 3.00000 1.00000
341.05068 3.00000 1.00000
360.44968 3.00000 1.00000
