16.53276 3.00000 1.00000
27.38135 3.00000 1.00000
45.44614 3.00000 1.00000
55.26377 3.00000 1.00000
96.27736 3.00000 1.00000
106.84271 3.00000 1.00000
117.77860 3.00000 1.00000
135.02513 3.00000 1.00000
145.07732 3.00000 1.00000
155.30662 3.00000 1.00000
183.87666 3.00000 1.00000
195.10471 3.00000 1.00000
204.78748 3.00000 1.00000
247.83531 3.00000 1.00000
257.55107 3.00000 1.00000
267.56721 3.00000 1.00000
277.30009 3.00000 1.00000
288.34899 3.00000 1.00000
298.06540 3.00000 1.00000
308.06485 3.00000 1.00000
325.18022 3.00000 1.00000
334.83338 3.00000 1.00000
344.47945 3.00000 1.00000
