12.00439 3.00000 1.00000
42.64914 3.00000 1.00000
55.25123 3.00000 1.00000
67.88172 3.00000 1.00000
85.99620 3.00000 1.00000
102.97747 3.00000 1.00000
117.41294 3.00000 1.00000
141.97837 3.00000 1.00000
161.54427 3.00000 1.00000
179.95911 3.00000 1.00000
200.76110 3.00000 1.00000
211.84320 3.00000 1.00000
229.67177 3.00000 1.00000
241.27320 3.00000 1.00000
257.37296 3.00000 1.00000
270.96823 3.00000 1.00000
292.57119 3.00000 1.00000
323.51889 3.00000 1.00000
346.24957 3.00000 1.00000
358.05199 3.00000 1.00000
