16.54854 3.00000 1.00000
26.09855 3.00000 1.00000
36.88071 3.00000 1.00000
54.62945 3.00000 1.00000
64.67901 3.00000 1.00000
81.41152 3.00000 1.00000
93.71090 3.00000 1.00000
112.59338 3.00000 1.00000
131.79453 3.00000 1.00000
142.64140 3.00000 1.00000
152.46135 3.00000 1.00000
162.09260 3.00000 1.00000
203.68904 3.00000 1.00000
220.90785 3.00000 1.00000
237.22199 3.00000 1.00000
256.83465 3.00000 1.00000
266.58470 3.00000 1.00000
276.92029 3.00000 1.00000
288.33275 3.00000 1.00000
315.98158 3.00000 1.00000
325.61392 3.00000 1.00000
353.94598 3.00000 1.00000
371.39579 3.00000 1.00000
