24.43472 3.00000 1.00000
29.69006 3.00000 1.00000
35.65138 3.00000 1.00000
80.90573 3.00000 1.00000
97.85556 3.00000 1.00000
130.75412 3.00000 1.00000
136.36475 3.00000 1.00000
155.28092 3.00000 1.00000
174.45200 3.00000 1.00000
190.32486 3.00000 1.00000
195.54197 3.00000 1.00000
224.47395 3.00000 1.00000
251.65856 3.00000 1.00000
284.76106 3.00000 1.00000
303.81915 3.00000 1.00000
310.72371 3.00000 1.00000
317.17672 3.00000 1.00000
334.75789 3.00000 1.00000
339.81698 3.00000 1.00000
368.80016 3.00000 1.00000
