24.41839 3.00000 1.00000
44.01519 3.00000 1.00000
54.93167 3.00000 1.00000
84.43329 3.00000 1.00000
118.24740 3.00000 1.00000
129.84329 3.00000 1.00000
142.76217 3.00000 1.00000
154.27756 3.00000 1.00000
165.02786 3.00000 1.00000
184.07607 3.00000 1.00000
203.12369 3.00000 1.00000
215.38897 3.00000 1.00000
227.37203 3.00000 1.00000
263.42293 3.00000 1.00000
296.70458 3.00000 1.00000
307.63304 3.00000 1.00000
319.70019 3.00000 1.00000
331.41758 3.00000 1.00000
345.61930 3.00000 1.00000
358.61705 3.00000 1.00000
