17.88898 3.00000 1.00000
50.13258 3.00000 1.00000
61.80214 3.00000 1.00000
75.23406 3.00000 1.00000
91.14891 3.00000 1.00000
108.70073 3.00000 1.00000
123.26189 3.00000 1.00000
148.73278 3.00000 1.00000
168.60785 3.00000 1.00000
185.19173 3.00000 1.00000
206.29529 3.00000 1.00000
216.97974 3.00000 1.00000
236.12913 3.00000 1.00000
246.34045 3.00000 1.00000
263.08569 3.00000 1.00000
278.72351 3.00000 1.00000
298.33412 3.00000 1.00000
329.57102 3.00000 1.00000
352.55189 3.00000 1.00000
363.24780 3.00000 1.00000
