23.00847 3.00000 1.00000
29.34157 3.00000 1.00000
35.85877 3.00000 1.00000
41.29144 3.00000 1.00000
46.72373 3.00000 1.00000
112.21997 3.00000 1.00000
119.08833 3.00000 1.00000
126.05418 3.00000 1.00000
144.85142 3.00000 1.00000
174.61437 3.00000 1.00000
191.61549 3.00000 1.00000
196.98197 3.00000 1.00000
216.69747 3.00000 1.00000
233.11507 3.00000 1.00000
238.37946 3.00000 1.00000
243.97826 3.00000 1.00000
348.38865 3.00000 1.00000
353.62545 3.00000 1.00000
360.08902 3.00000 1.00000
366.63921 3.00000 1.00000
