12.02082 3.00000 1.00000
51.83355 3.00000 1.00000
63.08367 3.00000 1.00000
74.19969 3.00000 1.00000
87.81604 3.00000 1.00000
99.26526 3.00000 1.00000
131.66415 3.00000 1.00000
150.51102 3.00000 1.00000
162.26146 3.00000 1.00000
179.97818 3.00000 1.00000
203.95830 3.00000 1.00000
221.87417 3.00000 1.00000
249.83986 3.00000 1.00000
262.53905 3.00000 1.00000
273.23786 3.00000 1.00000
286.53730 3.00000 1.00000
301.88577 3.00000 1.00000
315.56948 3.00000 1.00000
326.41899 3.00000 1.00000
336.91769 3.00000 1.00000
