17.62396 3.00000 1.00000
36.43994 3.00000 1.00000
53.73816 3.00000 1.00000
90.23642 3.00000 1.00000
123.35025 3.00000 1.00000
135.28238 3.00000 1.00000
159.51590 3.00000 1.00000
174.03242 3.00000 1.00000
185.63098 3.00000 1.00000
207.39642 3.00000 1.00000
219.87911 3.00000 1.00000
232.07857 3.00000 1.00000
242.46097 3.00000 1.00000
260.20949 3.00000 1.00000
274.44170 3.00000 1.00000
292.14096 3.00000 1.00000
316.45685 3.00000 1.00000
327.37113 3.00000 1.00000
353.32125 3.00000 1.00000
366.47161 3.00000 1.00000
