17.37256 3.00000 1.00000
57.72012 3.00000 1.00000
68.95372 3.00000 1.00000
80.26667 3.00000 1.00000
94.03302 3.00000 1.00000
104.46835 3.00000 1.00000
138.31489 3.00000 1.00000
155.64889 3.00000 1.00000
168.88056 3.00000 1.00000
186.52993 3.00000 1.00000
210.53144 3.00000 1.00000
227.71020 3.00000 1.00000
255.45928 3.00000 1.00000
268.03977 3.00000 1.00000
279.25524 3.00000 1.00000
294.20691 3.00000 1.00000
308.25327 3.00000 1.00000
320.63690 3.00000 1.00000
331.58783 3.00000 1.00000
343.23570 3.00000 1.00000
