12.00653 3.00000 1.00000
29.87175 3.00000 1.00000
48.23699 3.00000 1.00000
85.10071 3.00000 1.00000
118.15065 3.00000 1.00000
129.21445 3.00000 1.00000
153.63030 3.00000 1.00000
166.36290 3.00000 1.00000
179.26208 3.00000 1.00000
202.04486 3.00000 1.00000
213.86060 3.00000 1.00000
226.19506 3.00000 1.00000
237.29286 3.00000 1.00000
253.99134 3.00000 1.00000
267.88955 3.00000 1.00000
287.07262 3.00000 1.00000
309.80485 3.00000 1.00000
321.53740 3.00000 1.00000
347.00301 3.00000 1.00000
359.85125 3.00000 1.00000
