22.77903 3.00000 1.00000
41.69362 3.00000 1.00000
58.97537 3.00000 1.00000
66.30849 3.00000 1.00000
73.87479 3.00000 1.00000
79.30791 3.00000 1.00000
95.40727 3.00000 1.00000
101.15659 3.00000 1.00000
106.27294 3.00000 1.00000
111.63841 3.00000 1.00000
143.03787 3.00000 1.00000
148.28818 3.00000 1.00000
190.96957 3.00000 1.00000
196.63513 3.00000 1.00000
248.61546 3.00000 1.00000
281.42952 3.00000 1.00000
297.56249 3.00000 1.00000
304.19579 3.00000 1.00000
334.32685 3.00000 1.00000
341.62541 3.00000 1.00000
