12.02171 3.00000 1.00000
24.93688 3.00000 1.00000
35.71942 3.00000 1.00000
86.80134 3.00000 1.00000
105.46464 3.00000 1.00000
115.84823 3.00000 1.00000
139.78045 3.00000 1.00000
156.92925 3.00000 1.00000
179.31019 3.00000 1.00000
204.86019 3.00000 1.00000
217.76069 3.00000 1.00000
229.64040 3.00000 1.00000
246.10808 3.00000 1.00000
263.60532 3.00000 1.00000
282.28853 3.00000 1.00000
306.10370 3.00000 1.00000
320.75332 3.00000 1.00000
331.50385 3.00000 1.00000
342.36787 3.00000 1.00000
357.91889 3.00000 1.00000
