16.51985 3.00000 1.00000
26.33619 3.00000 1.00000
36.13566 3.00000 1.00000
55.91320 3.00000 1.00000
73.59607 3.00000 1.00000
83.36679 3.00000 1.00000
94.06455 3.00000 1.00000
103.81290 3.00000 1.00000
115.87983 3.00000 1.00000
127.51223 3.00000 1.00000
145.02531 3.00000 1.00000
154.97741 3.00000 1.00000
165.32756 3.00000 1.00000
176.22667 3.00000 1.00000
201.47464 3.00000 1.00000
211.20788 3.00000 1.00000
228.32046 3.00000 1.00000
271.38431 3.00000 1.00000
298.36711 3.00000 1.00000
308.08589 3.00000 1.00000
319.55120 3.00000 1.00000
330.46851 3.00000 1.00000
343.06598 3.00000 1.00000
352.65081 3.00000 1.00000
363.89903 3.00000 1.00000
374.26722 3.00000 1.00000
394.31452 3.00000 1.00000
