19.17215 3.00000 1.00000
30.27194 3.00000 1.00000
41.17215 3.00000 1.00000
92.61862 3.00000 1.00000
110.79895 3.00000 1.00000
122.79949 3.00000 1.00000
145.69893 3.00000 1.00000
162.21505 3.00000 1.00000
186.74633 3.00000 1.00000
211.02847 3.00000 1.00000
223.44245 3.00000 1.00000
234.85888 3.00000 1.00000
251.55955 3.00000 1.00000
269.02393 3.00000 1.00000
289.10627 3.00000 1.00000
314.67307 3.00000 1.00000
326.27023 3.00000 1.00000
336.73726 3.00000 1.00000
347.76858 3.00000 1.00000
363.78589 3.00000 1.00000
