12.02824 3.00000 1.00000
28.07428 3.00000 1.00000
49.89165 3.00000 1.00000
79.12232 3.00000 1.00000
84.32204 3.00000 1.00000
162.19956 3.00000 1.00000
167.76908 3.00000 1.00000
172.86936 3.00000 1.00000
191.49863 3.00000 1.00000
236.23256 3.00000 1.00000
253.77878 3.00000 1.00000
284.21173 3.00000 1.00000
290.05983 3.00000 1.00000
295.70976 3.00000 1.00000
301.05935 3.00000 1.00000
306.35941 3.00000 1.00000
312.66026 3.00000 1.00000
341.27571 3.00000 1.00000
360.13696 3.00000 1.00000
365.35614 3.00000 1.00000
