16.51517 3.00000 1.00000
28.03291 3.00000 1.00000
37.73334 3.00000 1.00000
86.13081 3.00000 1.00000
96.53105 3.00000 1.00000
107.32898 3.00000 1.00000
116.96823 3.00000 1.00000
145.52719 3.00000 1.00000
155.82300 3.00000 1.00000
167.80946 3.00000 1.00000
177.79072 3.00000 1.00000
189.05858 3.00000 1.00000
199.40820 3.00000 1.00000
217.09060 3.00000 1.00000
227.23989 3.00000 1.00000
239.30769 3.00000 1.00000
248.87146 3.00000 1.00000
259.58663 3.00000 1.00000
279.75254 3.00000 1.00000
290.66796 3.00000 1.00000
302.13523 3.00000 1.00000
322.06676 3.00000 1.00000
331.79859 3.00000 1.00000
341.61593 3.00000 1.00000
357.93378 3.00000 1.00000
367.74551 3.00000 1.00000
377.49713 3.00000 1.00000
387.97869 3.00000 1.00000
398.67923 3.00000 1.00000
408.27729 3.00000 1.00000
