17.80509 3.00000 1.00000
36.13447 3.00000 1.00000
56.65172 3.00000 1.00000
68.23396 3.00000 1.00000
91.06527 3.00000 1.00000
101.53212 3.00000 1.00000
112.43118 3.00000 1.00000
126.96422 3.00000 1.00000
138.41398 3.00000 1.00000
151.74493 3.00000 1.00000
178.14401 3.00000 1.00000
198.44360 3.00000 1.00000
212.60941 3.00000 1.00000
223.20795 3.00000 1.00000
242.64021 3.00000 1.00000
260.88999 3.00000 1.00000
273.62145 3.00000 1.00000
318.75419 3.00000 1.00000
330.26849 3.00000 1.00000
347.48543 3.00000 1.00000
