47.45872 3.00000 1.00000
54.59006 3.00000 1.00000
61.54123 3.00000 1.00000
69.90692 3.00000 1.00000
75.88949 3.00000 1.00000
80.93869 3.00000 1.00000
98.45416 3.00000 1.00000
129.20452 3.00000 1.00000
134.52440 3.00000 1.00000
151.63608 3.00000 1.00000
167.43514 3.00000 1.00000
172.91912 3.00000 1.00000
192.04894 3.00000 1.00000
197.29929 3.00000 1.00000
240.21318 3.00000 1.00000
256.84677 3.00000 1.00000
274.21676 3.00000 1.00000
294.67799 3.00000 1.00000
299.91324 3.00000 1.00000
352.83924 3.00000 1.00000
