18.27200 3.00000 1.00000
40.90453 3.00000 1.00000
51.02130 3.00000 1.00000
68.00308 3.00000 1.00000
86.78446 3.00000 1.00000
99.90068 3.00000 1.00000
137.74887 3.00000 1.00000
148.33196 3.00000 1.00000
167.66316 3.00000 1.00000
196.42874 3.00000 1.00000
213.56107 3.00000 1.00000
224.80870 3.00000 1.00000
243.82640 3.00000 1.00000
255.55865 3.00000 1.00000
266.89109 3.00000 1.00000
277.90836 3.00000 1.00000
300.80531 3.00000 1.00000
311.50460 3.00000 1.00000
325.00339 3.00000 1.00000
336.75349 3.00000 1.00000
