36.72622 3.00000 1.00000
64.17189 3.00000 1.00000
90.53988 3.00000 1.00000
95.73612 3.00000 1.00000
102.38799 3.00000 1.00000
108.68779 3.00000 1.00000
128.76861 3.00000 1.00000
172.50071 3.00000 1.00000
215.39794 3.00000 1.00000
233.36490 3.00000 1.00000
252.24526 3.00000 1.00000
294.69454 3.00000 1.00000
299.95918 3.00000 1.00000
305.74169 3.00000 1.00000
311.62514 3.00000 1.00000
316.95996 3.00000 1.00000
322.72479 3.00000 1.00000
328.67310 3.00000 1.00000
334.30709 3.00000 1.00000
364.97406 3.00000 1.00000
