12.02022 3.00000 1.00000
24.82017 3.00000 1.00000
42.20323 3.00000 1.00000
53.18350 3.00000 1.00000
69.48495 3.00000 1.00000
80.30026 3.00000 1.00000
115.48163 3.00000 1.00000
133.94637 3.00000 1.00000
145.51188 3.00000 1.00000
161.57725 3.00000 1.00000
179.75989 3.00000 1.00000
193.00901 3.00000 1.00000
204.64317 3.00000 1.00000
221.34203 3.00000 1.00000
238.90710 3.00000 1.00000
258.33867 3.00000 1.00000
269.07209 3.00000 1.00000
282.87188 3.00000 1.00000
342.23509 3.00000 1.00000
352.51677 3.00000 1.00000
