17.85811 3.00000 1.00000
30.00493 3.00000 1.00000
47.50432 3.00000 1.00000
59.15354 3.00000 1.00000
75.26818 3.00000 1.00000
85.40133 3.00000 1.00000
121.03299 3.00000 1.00000
140.10132 3.00000 1.00000
153.43002 3.00000 1.00000
166.96384 3.00000 1.00000
187.67811 3.00000 1.00000
198.11206 3.00000 1.00000
209.89632 3.00000 1.00000
227.17673 3.00000 1.00000
245.72387 3.00000 1.00000
263.92417 3.00000 1.00000
276.57236 3.00000 1.00000
289.12293 3.00000 1.00000
347.33620 3.00000 1.00000
359.11869 3.00000 1.00000
