12.01958 3.00000 1.00000
34.30252 3.00000 1.00000
45.93514 3.00000 1.00000
62.70035 3.00000 1.00000
79.28360 3.00000 1.00000
93.74876 3.00000 1.00000
129.83123 3.00000 1.00000
143.22975 3.00000 1.00000
161.82817 3.00000 1.00000
189.61006 3.00000 1.00000
207.59260 3.00000 1.00000
219.64173 3.00000 1.00000
235.90785 3.00000 1.00000
250.00761 3.00000 1.00000
261.30561 3.00000 1.00000
272.07342 3.00000 1.00000
295.55462 3.00000 1.00000
306.11975 3.00000 1.00000
319.21943 3.00000 1.00000
331.65189 3.00000 1.00000
