12.02018 3.00000 1.00000
55.15228 3.00000 1.00000
72.61728 3.00000 1.00000
91.14925 3.00000 1.00000
102.51535 3.00000 1.00000
124.43045 3.00000 1.00000
144.33001 3.00000 1.00000
162.41247 3.00000 1.00000
176.76109 3.00000 1.00000
189.35946 3.00000 1.00000
200.26100 3.00000 1.00000
211.69213 3.00000 1.00000
242.24133 3.00000 1.00000
277.10596 3.00000 1.00000
287.58793 3.00000 1.00000
302.83810 3.00000 1.00000
313.16955 3.00000 1.00000
325.96861 3.00000 1.00000
338.00283 3.00000 1.00000
356.85226 3.00000 1.00000
