12.02052 3.00000 1.00000
25.73630 3.00000 1.00000
36.71826 3.00000 1.00000
47.58530 3.00000 1.00000
59.00191 3.00000 1.00000
69.41719 3.00000 1.00000
82.36632 3.00000 1.00000
99.49911 3.00000 1.00000
118.23078 3.00000 1.00000
141.36288 3.00000 1.00000
172.11286 3.00000 1.00000
190.64294 3.00000 1.00000
208.54242 3.00000 1.00000
226.09153 3.00000 1.00000
252.19107 3.00000 1.00000
270.43937 3.00000 1.00000
281.13844 3.00000 1.00000
299.96992 3.00000 1.00000
315.47135 3.00000 1.00000
360.93370 3.00000 1.00000
