24.79161 3.00000 1.00000
31.22405 3.00000 1.00000
36.72455 3.00000 1.00000
42.29048 3.00000 1.00000
47.40685 3.00000 1.00000
66.00479 3.00000 1.00000
85.98951 3.00000 1.00000
113.65538 3.00000 1.00000
119.11941 3.00000 1.00000
138.17229 3.00000 1.00000
156.18629 3.00000 1.00000
223.08214 3.00000 1.00000
229.06302 3.00000 1.00000
234.54712 3.00000 1.00000
253.49747 3.00000 1.00000
259.83069 3.00000 1.00000
266.42894 3.00000 1.00000
271.47847 3.00000 1.00000
297.65930 3.00000 1.00000
350.37522 3.00000 1.00000
