94.45616 3.00000 1.00000
111.63905 3.00000 1.00000
129.75377 3.00000 1.00000
135.73708 3.00000 1.00000
152.71902 3.00000 1.00000
161.45241 3.00000 1.00000
166.61806 3.00000 1.00000
185.08417 3.00000 1.00000
202.04975 3.00000 1.00000
219.46645 3.00000 1.00000
238.84871 3.00000 1.00000
246.59750 3.00000 1.00000
265.11240 3.00000 1.00000
293.94503 3.00000 1.00000
310.11095 3.00000 1.00000
326.17435 3.00000 1.00000
332.32405 3.00000 1.00000
340.45900 3.00000 1.00000
348.15916 3.00000 1.00000
355.67436 3.00000 1.00000
