23.26817 3.00000 1.00000
34.00091 3.00000 1.00000
79.14900 3.00000 1.00000
89.68190 3.00000 1.00000
100.51405 3.00000 1.00000
117.91576 3.00000 1.00000
127.67955 3.00000 1.00000
138.76990 3.00000 1.00000
148.59449 3.00000 1.00000
158.89214 3.00000 1.00000
186.17559 3.00000 1.00000
203.22297 3.00000 1.00000
212.95723 3.00000 1.00000
238.51992 3.00000 1.00000
248.38966 3.00000 1.00000
275.00495 3.00000 1.00000
302.21924 3.00000 1.00000
314.46832 3.00000 1.00000
324.70076 3.00000 1.00000
348.30042 3.00000 1.00000
359.43395 3.00000 1.00000
370.53390 3.00000 1.00000
382.54814 3.00000 1.00000
