62.04181 3.00000 1.00000
78.85794 3.00000 1.00000
124.30518 3.00000 1.00000
129.55718 3.00000 1.00000
147.53847 3.00000 1.00000
165.28565 3.00000 1.00000
182.25494 3.00000 1.00000
188.71798 3.00000 1.00000
219.18392 3.00000 1.00000
224.38407 3.00000 1.00000
229.89852 3.00000 1.00000
261.18159 3.00000 1.00000
305.87942 3.00000 1.00000
311.92800 3.00000 1.00000
317.07606 3.00000 1.00000
333.85985 3.00000 1.00000
352.40824 3.00000 1.00000
358.47506 3.00000 1.00000
363.54191 3.00000 1.00000
368.64326 3.00000 1.00000
