12.02426 3.00000 1.00000
17.24190 3.00000 1.00000
72.20466 3.00000 1.00000
88.78864 3.00000 1.00000
95.35563 3.00000 1.00000
114.18712 3.00000 1.00000
131.48594 3.00000 1.00000
138.96856 3.00000 1.00000
146.86929 3.00000 1.00000
163.30008 3.00000 1.00000
180.36714 3.00000 1.00000
186.93282 3.00000 1.00000
193.64946 3.00000 1.00000
199.16688 3.00000 1.00000
216.31524 3.00000 1.00000
268.01199 3.00000 1.00000
273.57871 3.00000 1.00000
278.84844 3.00000 1.00000
310.42644 3.00000 1.00000
316.27356 3.00000 1.00000
