23.26899 3.00000 1.00000
37.08509 3.00000 1.00000
48.13477 3.00000 1.00000
59.93332 3.00000 1.00000
77.88300 3.00000 1.00000
100.96609 3.00000 1.00000
119.43072 3.00000 1.00000
151.92829 3.00000 1.00000
169.72779 3.00000 1.00000
204.30990 3.00000 1.00000
221.44153 3.00000 1.00000
232.29169 3.00000 1.00000
243.15812 3.00000 1.00000
253.53993 3.00000 1.00000
285.18729 3.00000 1.00000
297.67097 3.00000 1.00000
321.58546 3.00000 1.00000
335.33531 3.00000 1.00000
348.78506 3.00000 1.00000
361.13278 3.00000 1.00000
