16.51816 3.00000 1.00000
27.46944 3.00000 1.00000
47.70037 3.00000 1.00000
59.71627 3.00000 1.00000
71.13179 3.00000 1.00000
105.21464 3.00000 1.00000
132.26194 3.00000 1.00000
142.32522 3.00000 1.00000
151.96104 3.00000 1.00000
170.27835 3.00000 1.00000
180.82828 3.00000 1.00000
199.86261 3.00000 1.00000
212.25716 3.00000 1.00000
229.73866 3.00000 1.00000
246.38977 3.00000 1.00000
269.30542 3.00000 1.00000
279.42225 3.00000 1.00000
289.76792 3.00000 1.00000
307.46590 3.00000 1.00000
317.18499 3.00000 1.00000
373.78170 3.00000 1.00000
