31.02108 3.00000 1.00000
42.93814 3.00000 1.00000
53.66977 3.00000 1.00000
66.98542 3.00000 1.00000
83.60294 3.00000 1.00000
106.68541 3.00000 1.00000
125.49962 3.00000 1.00000
157.81518 3.00000 1.00000
174.86358 3.00000 1.00000
210.76120 3.00000 1.00000
227.21100 3.00000 1.00000
237.44302 3.00000 1.00000
248.39285 3.00000 1.00000
261.00880 3.00000 1.00000
292.53929 3.00000 1.00000
303.97166 3.00000 1.00000
326.63710 3.00000 1.00000
341.88881 3.00000 1.00000
355.53561 3.00000 1.00000
366.33509 3.00000 1.00000
