12.00657 3.00000 1.00000
25.07045 3.00000 1.00000
37.53646 3.00000 1.00000
50.53723 3.00000 1.00000
67.36921 3.00000 1.00000
84.41814 3.00000 1.00000
97.45070 3.00000 1.00000
111.86778 3.00000 1.00000
136.11544 3.00000 1.00000
153.88041 3.00000 1.00000
170.41236 3.00000 1.00000
196.22802 3.00000 1.00000
206.89443 3.00000 1.00000
237.35981 3.00000 1.00000
250.80938 3.00000 1.00000
266.40744 3.00000 1.00000
280.07371 3.00000 1.00000
294.39078 3.00000 1.00000
322.55493 3.00000 1.00000
339.68642 3.00000 1.00000
