12.02710 3.00000 1.00000
17.42729 3.00000 1.00000
43.90815 3.00000 1.00000
49.19031 3.00000 1.00000
91.73777 3.00000 1.00000
98.87496 3.00000 1.00000
104.63702 3.00000 1.00000
109.65244 3.00000 1.00000
114.75393 3.00000 1.00000
207.11616 3.00000 1.00000
213.48152 3.00000 1.00000
232.06452 3.00000 1.00000
237.69651 3.00000 1.00000
272.12923 3.00000 1.00000
288.07778 3.00000 1.00000
294.62737 3.00000 1.00000
300.30997 3.00000 1.00000
342.69267 3.00000 1.00000
359.30591 3.00000 1.00000
366.30712 3.00000 1.00000
