22.70210 3.00000 1.00000
33.38488 3.00000 1.00000
54.56916 3.00000 1.00000
66.48327 3.00000 1.00000
79.61750 3.00000 1.00000
121.44810 3.00000 1.00000
132.93029 3.00000 1.00000
143.96300 3.00000 1.00000
158.34585 3.00000 1.00000
169.54449 3.00000 1.00000
182.64453 3.00000 1.00000
193.20976 3.00000 1.00000
220.30880 3.00000 1.00000
245.65667 3.00000 1.00000
259.60545 3.00000 1.00000
277.88993 3.00000 1.00000
308.16962 3.00000 1.00000
319.76944 3.00000 1.00000
331.61825 3.00000 1.00000
347.88425 3.00000 1.00000
