12.02029 3.00000 1.00000
33.45416 3.00000 1.00000
45.83501 3.00000 1.00000
63.08530 3.00000 1.00000
74.18327 3.00000 1.00000
91.49999 3.00000 1.00000
119.96382 3.00000 1.00000
134.46326 3.00000 1.00000
162.46219 3.00000 1.00000
193.32660 3.00000 1.00000
209.60856 3.00000 1.00000
227.79084 3.00000 1.00000
238.43964 3.00000 1.00000
250.97312 3.00000 1.00000
265.03901 3.00000 1.00000
275.28826 3.00000 1.00000
296.13757 3.00000 1.00000
322.81820 3.00000 1.00000
339.70170 3.00000 1.00000
354.16663 3.00000 1.00000
