16.51759 3.00000 1.00000
32.84883 3.00000 1.00000
55.96456 3.00000 1.00000
74.32977 3.00000 1.00000
92.02876 3.00000 1.00000
101.76093 3.00000 1.00000
121.32910 3.00000 1.00000
148.16079 3.00000 1.00000
165.25936 3.00000 1.00000
192.95659 3.00000 1.00000
203.08614 3.00000 1.00000
212.72196 3.00000 1.00000
224.07236 3.00000 1.00000
242.33648 3.00000 1.00000
260.65222 3.00000 1.00000
271.53658 3.00000 1.00000
289.01845 3.00000 1.00000
298.70091 3.00000 1.00000
308.96334 3.00000 1.00000
318.83276 3.00000 1.00000
