22.84306 3.00000 1.00000
28.02487 3.00000 1.00000
56.70739 3.00000 1.00000
86.23719 3.00000 1.00000
101.90403 3.00000 1.00000
107.57209 3.00000 1.00000
113.20489 3.00000 1.00000
144.65502 3.00000 1.00000
150.41753 3.00000 1.00000
155.91660 3.00000 1.00000
173.56756 3.00000 1.00000
181.76788 3.00000 1.00000
186.96779 3.00000 1.00000
203.64951 3.00000 1.00000
222.72998 3.00000 1.00000
289.51098 3.00000 1.00000
309.72756 3.00000 1.00000
317.59286 3.00000 1.00000
333.31027 3.00000 1.00000
366.78785 3.00000 1.00000
