17.47209 3.00000 1.00000
39.93870 3.00000 1.00000
50.95399 3.00000 1.00000
68.78623 3.00000 1.00000
79.41759 3.00000 1.00000
96.58459 3.00000 1.00000
127.78173 3.00000 1.00000
139.58227 3.00000 1.00000
168.46552 3.00000 1.00000
198.52744 3.00000 1.00000
215.61115 3.00000 1.00000
233.17581 3.00000 1.00000
243.97630 3.00000 1.00000
257.09134 3.00000 1.00000
270.15632 3.00000 1.00000
284.02311 3.00000 1.00000
303.17068 3.00000 1.00000
328.28755 3.00000 1.00000
347.33562 3.00000 1.00000
359.80120 3.00000 1.00000
