28.33725 3.00000 1.00000
38.77113 3.00000 1.00000
59.65227 3.00000 1.00000
74.30377 3.00000 1.00000
84.73561 3.00000 1.00000
127.56712 3.00000 1.00000
138.46530 3.00000 1.00000
151.59901 3.00000 1.00000
164.36388 3.00000 1.00000
176.03046 3.00000 1.00000
188.09534 3.00000 1.00000
198.91224 3.00000 1.00000
225.51125 3.00000 1.00000
254.39166 3.00000 1.00000
266.64075 3.00000 1.00000
283.00805 3.00000 1.00000
313.40531 3.00000 1.00000
325.23723 3.00000 1.00000
336.73773 3.00000 1.00000
353.88704 3.00000 1.00000
