23.86977 3.00000 1.00000
33.63460 3.00000 1.00000
44.19824 3.00000 1.00000
54.06349 3.00000 1.00000
65.83501 3.00000 1.00000
75.69535 3.00000 1.00000
102.99847 3.00000 1.00000
112.93026 3.00000 1.00000
122.68382 3.00000 1.00000
140.52809 3.00000 1.00000
157.34385 3.00000 1.00000
175.20759 3.00000 1.00000
187.37553 3.00000 1.00000
209.84111 3.00000 1.00000
220.04074 3.00000 1.00000
230.00632 3.00000 1.00000
240.05651 3.00000 1.00000
250.52179 3.00000 1.00000
268.12139 3.00000 1.00000
278.03765 3.00000 1.00000
287.65332 3.00000 1.00000
306.55201 3.00000 1.00000
360.55015 3.00000 1.00000
371.28441 3.00000 1.00000
381.08059 3.00000 1.00000
