19.62212 3.00000 1.00000
38.20338 3.00000 1.00000
60.42038 3.00000 1.00000
76.23474 3.00000 1.00000
90.35168 3.00000 1.00000
110.15095 3.00000 1.00000
127.78303 3.00000 1.00000
139.44842 3.00000 1.00000
158.64691 3.00000 1.00000
177.18018 3.00000 1.00000
188.99462 3.00000 1.00000
199.81163 3.00000 1.00000
211.02770 3.00000 1.00000
222.32680 3.00000 1.00000
234.04283 3.00000 1.00000
245.87596 3.00000 1.00000
269.85766 3.00000 1.00000
289.50579 3.00000 1.00000
336.83843 3.00000 1.00000
354.61872 3.00000 1.00000
