12.02167 3.00000 1.00000
27.08704 3.00000 1.00000
43.27077 3.00000 1.00000
57.15310 3.00000 1.00000
67.50265 3.00000 1.00000
78.01772 3.00000 1.00000
89.03425 3.00000 1.00000
115.61572 3.00000 1.00000
133.51585 3.00000 1.00000
146.09780 3.00000 1.00000
168.01444 3.00000 1.00000
180.27939 3.00000 1.00000
191.96207 3.00000 1.00000
208.72747 3.00000 1.00000
222.15954 3.00000 1.00000
240.29216 3.00000 1.00000
282.98952 3.00000 1.00000
294.52206 3.00000 1.00000
346.25331 3.00000 1.00000
359.76926 3.00000 1.00000
