37.97798 3.00000 1.00000
99.77267 3.00000 1.00000
104.90629 3.00000 1.00000
110.15686 3.00000 1.00000
127.28911 3.00000 1.00000
157.40407 3.00000 1.00000
162.58665 3.00000 1.00000
203.56707 3.00000 1.00000
233.08177 3.00000 1.00000
253.28019 3.00000 1.00000
260.94765 3.00000 1.00000
266.36586 3.00000 1.00000
272.24710 3.00000 1.00000
277.36155 3.00000 1.00000
306.01048 3.00000 1.00000
313.82864 3.00000 1.00000
322.57771 3.00000 1.00000
329.12844 3.00000 1.00000
334.74287 3.00000 1.00000
340.39291 3.00000 1.00000
