26.44088 3.00000 1.00000
44.08878 3.00000 1.00000
65.72219 3.00000 1.00000
81.62048 3.00000 1.00000
95.87048 3.00000 1.00000
115.26959 3.00000 1.00000
134.10042 3.00000 1.00000
144.66868 3.00000 1.00000
166.09793 3.00000 1.00000
183.04729 3.00000 1.00000
194.27920 3.00000 1.00000
205.34825 3.00000 1.00000
217.16157 3.00000 1.00000
228.86356 3.00000 1.00000
240.21221 3.00000 1.00000
252.57757 3.00000 1.00000
276.07609 3.00000 1.00000
295.02697 3.00000 1.00000
343.40557 3.00000 1.00000
360.88647 3.00000 1.00000
