16.52291 3.00000 1.00000
26.70051 3.00000 1.00000
60.33375 3.00000 1.00000
70.48084 3.00000 1.00000
81.53041 3.00000 1.00000
91.58063 3.00000 1.00000
103.71101 3.00000 1.00000
115.42989 3.00000 1.00000
125.54625 3.00000 1.00000
135.25123 3.00000 1.00000
145.21151 3.00000 1.00000
154.89705 3.00000 1.00000
173.73964 3.00000 1.00000
184.19129 3.00000 1.00000
201.47328 3.00000 1.00000
220.28782 3.00000 1.00000
252.28834 3.00000 1.00000
269.17454 3.00000 1.00000
282.41898 3.00000 1.00000
292.28770 3.00000 1.00000
325.48454 3.00000 1.00000
335.80037 3.00000 1.00000
346.00038 3.00000 1.00000
356.74596 3.00000 1.00000
367.94553 3.00000 1.00000
384.89561 3.00000 1.00000
