23.20949 3.00000 1.00000
39.25676 3.00000 1.00000
56.40895 3.00000 1.00000
111.98760 3.00000 1.00000
128.98538 3.00000 1.00000
135.60341 3.00000 1.00000
141.03457 3.00000 1.00000
159.61808 3.00000 1.00000
166.63532 3.00000 1.00000
173.36768 3.00000 1.00000
201.43272 3.00000 1.00000
206.65041 3.00000 1.00000
225.01298 3.00000 1.00000
230.04889 3.00000 1.00000
248.62796 3.00000 1.00000
254.53085 3.00000 1.00000
259.96213 3.00000 1.00000
283.31310 3.00000 1.00000
314.32704 3.00000 1.00000
319.99264 3.00000 1.00000
