25.37198 3.00000 1.00000
37.78835 3.00000 1.00000
49.22020 3.00000 1.00000
61.25276 3.00000 1.00000
71.88543 3.00000 1.00000
84.56741 3.00000 1.00000
118.06697 3.00000 1.00000
128.43374 3.00000 1.00000
165.24658 3.00000 1.00000
187.04570 3.00000 1.00000
198.22695 3.00000 1.00000
210.04530 3.00000 1.00000
226.29264 3.00000 1.00000
241.07593 3.00000 1.00000
274.25842 3.00000 1.00000
291.55594 3.00000 1.00000
319.53967 3.00000 1.00000
331.13862 3.00000 1.00000
348.35201 3.00000 1.00000
365.90225 3.00000 1.00000
