12.02083 3.00000 1.00000
28.40303 3.00000 1.00000
44.80344 3.00000 1.00000
62.53389 3.00000 1.00000
76.41787 3.00000 1.00000
90.33230 3.00000 1.00000
100.74855 3.00000 1.00000
117.79670 3.00000 1.00000
148.06318 3.00000 1.00000
179.87773 3.00000 1.00000
190.57833 3.00000 1.00000
213.40898 3.00000 1.00000
235.10755 3.00000 1.00000
268.55527 3.00000 1.00000
288.53896 3.00000 1.00000
303.28828 3.00000 1.00000
326.61897 3.00000 1.00000
337.63512 3.00000 1.00000
349.66768 3.00000 1.00000
361.34934 3.00000 1.00000
