17.38839 3.00000 1.00000
33.73701 3.00000 1.00000
50.02033 3.00000 1.00000
70.01883 3.00000 1.00000
83.73548 3.00000 1.00000
95.38357 3.00000 1.00000
105.89999 3.00000 1.00000
123.73196 3.00000 1.00000
153.76400 3.00000 1.00000
185.33081 3.00000 1.00000
195.89767 3.00000 1.00000
218.71032 3.00000 1.00000
240.50992 3.00000 1.00000
276.30611 3.00000 1.00000
297.14016 3.00000 1.00000
309.24046 3.00000 1.00000
331.65440 3.00000 1.00000
344.48847 3.00000 1.00000
356.01974 3.00000 1.00000
366.88885 3.00000 1.00000
