19.01945 3.00000 1.00000
30.46932 3.00000 1.00000
43.76864 3.00000 1.00000
54.40056 3.00000 1.00000
66.84949 3.00000 1.00000
77.08324 3.00000 1.00000
112.84801 3.00000 1.00000
123.28076 3.00000 1.00000
159.29461 3.00000 1.00000
181.51041 3.00000 1.00000
192.85969 3.00000 1.00000
204.34400 3.00000 1.00000
220.89068 3.00000 1.00000
233.32507 3.00000 1.00000
265.65605 3.00000 1.00000
286.50534 3.00000 1.00000
314.21945 3.00000 1.00000
325.83534 3.00000 1.00000
343.01783 3.00000 1.00000
359.96690 3.00000 1.00000
