24.86624 3.00000 1.00000
45.94835 3.00000 1.00000
62.59760 3.00000 1.00000
73.24663 3.00000 1.00000
84.99699 3.00000 1.00000
94.94444 3.00000 1.00000
104.51214 3.00000 1.00000
115.84736 3.00000 1.00000
126.11057 3.00000 1.00000
156.72441 3.00000 1.00000
167.39283 3.00000 1.00000
176.90909 3.00000 1.00000
186.78990 3.00000 1.00000
198.82383 3.00000 1.00000
210.21905 3.00000 1.00000
239.25403 3.00000 1.00000
249.53613 3.00000 1.00000
260.30331 3.00000 1.00000
278.35156 3.00000 1.00000
288.90194 3.00000 1.00000
299.68417 3.00000 1.00000
334.99890 3.00000 1.00000
345.54765 3.00000 1.00000
355.09837 3.00000 1.00000
365.46182 3.00000 1.00000
376.78136 3.00000 1.00000
