16.51676 3.00000 1.00000
26.13295 3.00000 1.00000
37.50038 3.00000 1.00000
48.27888 3.00000 1.00000
60.01256 3.00000 1.00000
70.26421 3.00000 1.00000
80.81330 3.00000 1.00000
122.76090 3.00000 1.00000
143.35920 3.00000 1.00000
153.12258 3.00000 1.00000
162.77511 3.00000 1.00000
173.04096 3.00000 1.00000
184.37416 3.00000 1.00000
201.37290 3.00000 1.00000
213.02131 3.00000 1.00000
225.05642 3.00000 1.00000
235.97050 3.00000 1.00000
252.92053 3.00000 1.00000
289.05269 3.00000 1.00000
300.41687 3.00000 1.00000
311.18291 3.00000 1.00000
321.14931 3.00000 1.00000
332.54772 3.00000 1.00000
