29.78755 3.00000 1.00000
55.43592 3.00000 1.00000
75.31844 3.00000 1.00000
90.88414 3.00000 1.00000
103.34947 3.00000 1.00000
132.38166 3.00000 1.00000
145.78102 3.00000 1.00000
158.46403 3.00000 1.00000
174.91236 3.00000 1.00000
198.87801 3.00000 1.00000
228.29317 3.00000 1.00000
242.42478 3.00000 1.00000
261.10802 3.00000 1.00000
272.94019 3.00000 1.00000
296.42230 3.00000 1.00000
309.43810 3.00000 1.00000
319.88734 3.00000 1.00000
336.86971 3.00000 1.00000
347.53629 3.00000 1.00000
359.83436 3.00000 1.00000
