24.92502 3.00000 1.00000
42.65686 3.00000 1.00000
61.28952 3.00000 1.00000
67.05583 3.00000 1.00000
72.27316 3.00000 1.00000
77.58994 3.00000 1.00000
121.83513 3.00000 1.00000
127.28701 3.00000 1.00000
132.51868 3.00000 1.00000
151.33815 3.00000 1.00000
158.48389 3.00000 1.00000
187.31415 3.00000 1.00000
193.06564 3.00000 1.00000
282.24456 3.00000 1.00000
288.51028 3.00000 1.00000
304.95900 3.00000 1.00000
310.01014 3.00000 1.00000
316.15801 3.00000 1.00000
346.20608 3.00000 1.00000
353.20604 3.00000 1.00000
