12.00303 3.00000 1.00000
31.20328 3.00000 1.00000
49.48348 3.00000 1.00000
84.48226 3.00000 1.00000
94.53194 3.00000 1.00000
108.99830 3.00000 1.00000
138.56162 3.00000 1.00000
165.34436 3.00000 1.00000
176.49301 3.00000 1.00000
200.12624 3.00000 1.00000
212.12633 3.00000 1.00000
224.10801 3.00000 1.00000
234.75849 3.00000 1.00000
246.65609 3.00000 1.00000
258.95557 3.00000 1.00000
270.80611 3.00000 1.00000
294.45362 3.00000 1.00000
321.68585 3.00000 1.00000
332.78497 3.00000 1.00000
360.11651 3.00000 1.00000
