31.83735 3.00000 1.00000
42.12074 3.00000 1.00000
53.78617 3.00000 1.00000
66.20105 3.00000 1.00000
85.63330 3.00000 1.00000
104.09982 3.00000 1.00000
114.84936 3.00000 1.00000
126.74816 3.00000 1.00000
137.76490 3.00000 1.00000
174.51219 3.00000 1.00000
197.76178 3.00000 1.00000
209.46180 3.00000 1.00000
220.72684 3.00000 1.00000
234.32727 3.00000 1.00000
247.04210 3.00000 1.00000
263.92569 3.00000 1.00000
276.05586 3.00000 1.00000
289.59062 3.00000 1.00000
303.52175 3.00000 1.00000
345.11924 3.00000 1.00000
