28.01974 3.00000 1.00000
46.73524 3.00000 1.00000
58.31704 3.00000 1.00000
77.08472 3.00000 1.00000
90.19955 3.00000 1.00000
101.19850 3.00000 1.00000
113.98137 3.00000 1.00000
137.22994 3.00000 1.00000
152.94663 3.00000 1.00000
175.71128 3.00000 1.00000
187.06021 3.00000 1.00000
198.40935 3.00000 1.00000
210.70810 3.00000 1.00000
231.15745 3.00000 1.00000
242.40656 3.00000 1.00000
287.07136 3.00000 1.00000
311.96974 3.00000 1.00000
328.71884 3.00000 1.00000
347.66925 3.00000 1.00000
359.71628 3.00000 1.00000
