16.51777 3.00000 1.00000
34.15110 3.00000 1.00000
51.31309 3.00000 1.00000
81.51507 3.00000 1.00000
91.73172 3.00000 1.00000
111.52884 3.00000 1.00000
121.24567 3.00000 1.00000
152.70909 3.00000 1.00000
162.67681 3.00000 1.00000
173.02299 3.00000 1.00000
182.79311 3.00000 1.00000
192.60812 3.00000 1.00000
210.82465 3.00000 1.00000
227.80664 3.00000 1.00000
246.70570 3.00000 1.00000
257.08854 3.00000 1.00000
266.70460 3.00000 1.00000
278.58657 3.00000 1.00000
296.46928 3.00000 1.00000
317.56642 3.00000 1.00000
328.38401 3.00000 1.00000
338.19918 3.00000 1.00000
348.68002 3.00000 1.00000
358.21538 3.00000 1.00000
368.05013 3.00000 1.00000
379.84775 3.00000 1.00000
