12.02674 3.00000 1.00000
17.34354 3.00000 1.00000
73.57387 3.00000 1.00000
90.95477 3.00000 1.00000
144.06810 3.00000 1.00000
150.46847 3.00000 1.00000
155.51904 3.00000 1.00000
162.10128 3.00000 1.00000
181.16694 3.00000 1.00000
186.49912 3.00000 1.00000
252.92858 3.00000 1.00000
310.09229 3.00000 1.00000
315.97342 3.00000 1.00000
322.52589 3.00000 1.00000
328.22522 3.00000 1.00000
333.50678 3.00000 1.00000
350.59010 3.00000 1.00000
356.43896 3.00000 1.00000
362.42345 3.00000 1.00000
367.70613 3.00000 1.00000
