24.78714 3.00000 1.00000
36.98445 3.00000 1.00000
47.23547 3.00000 1.00000
60.16699 3.00000 1.00000
79.91588 3.00000 1.00000
96.89785 3.00000 1.00000
109.39761 3.00000 1.00000
120.83118 3.00000 1.00000
132.44618 3.00000 1.00000
167.97665 3.00000 1.00000
192.40972 3.00000 1.00000
203.75920 3.00000 1.00000
214.65807 3.00000 1.00000
226.35853 3.00000 1.00000
241.60593 3.00000 1.00000
258.15653 3.00000 1.00000
269.65497 3.00000 1.00000
284.35497 3.00000 1.00000
297.03922 3.00000 1.00000
339.73500 3.00000 1.00000
