12.00905 3.00000 1.00000
17.04233 3.00000 1.00000
22.74270 3.00000 1.00000
39.27597 3.00000 1.00000
71.60563 3.00000 1.00000
125.38628 3.00000 1.00000
131.23891 3.00000 1.00000
147.78452 3.00000 1.00000
163.44937 3.00000 1.00000
170.01642 3.00000 1.00000
222.86289 3.00000 1.00000
256.37650 3.00000 1.00000
262.73000 3.00000 1.00000
267.97805 3.00000 1.00000
274.54501 3.00000 1.00000
280.85944 3.00000 1.00000
300.92505 3.00000 1.00000
306.65795 3.00000 1.00000
323.40946 3.00000 1.00000
341.00692 3.00000 1.00000
