16.51961 3.00000 1.00000
26.93421 3.00000 1.00000
38.88499 3.00000 1.00000
49.94976 3.00000 1.00000
81.76526 3.00000 1.00000
91.58128 3.00000 1.00000
101.36420 3.00000 1.00000
111.14636 3.00000 1.00000
120.76353 3.00000 1.00000
131.24531 3.00000 1.00000
142.09672 3.00000 1.00000
158.46095 3.00000 1.00000
168.67596 3.00000 1.00000
178.22735 3.00000 1.00000
196.49101 3.00000 1.00000
207.57482 3.00000 1.00000
225.82282 3.00000 1.00000
235.80662 3.00000 1.00000
245.39040 3.00000 1.00000
256.28810 3.00000 1.00000
273.28754 3.00000 1.00000
286.10342 3.00000 1.00000
298.06955 3.00000 1.00000
315.13625 3.00000 1.00000
342.11737 3.00000 1.00000
351.87974 3.00000 1.00000
370.53173 3.00000 1.00000
381.61368 3.00000 1.00000
393.41403 3.00000 1.00000
