20.88637 3.00000 1.00000
42.21895 3.00000 1.00000
53.68364 3.00000 1.00000
64.01642 3.00000 1.00000
76.01722 3.00000 1.00000
94.09818 3.00000 1.00000
110.88099 3.00000 1.00000
123.41350 3.00000 1.00000
133.71210 3.00000 1.00000
146.61314 3.00000 1.00000
181.92623 3.00000 1.00000
207.52566 3.00000 1.00000
218.77468 3.00000 1.00000
231.12409 3.00000 1.00000
273.28891 3.00000 1.00000
284.82073 3.00000 1.00000
296.50348 3.00000 1.00000
316.23723 3.00000 1.00000
326.81970 3.00000 1.00000
359.14952 3.00000 1.00000
