12.02499 3.00000 1.00000
31.89125 3.00000 1.00000
37.07462 3.00000 1.00000
87.10567 3.00000 1.00000
105.16992 3.00000 1.00000
159.51723 3.00000 1.00000
164.66934 3.00000 1.00000
169.74981 3.00000 1.00000
176.38471 3.00000 1.00000
193.99863 3.00000 1.00000
200.33079 3.00000 1.00000
243.83158 3.00000 1.00000
250.97702 3.00000 1.00000
256.87784 3.00000 1.00000
262.11153 3.00000 1.00000
267.84654 3.00000 1.00000
308.52582 3.00000 1.00000
338.49024 3.00000 1.00000
345.60718 3.00000 1.00000
353.13898 3.00000 1.00000
