26.18854 3.00000 1.00000
47.78907 3.00000 1.00000
58.91864 3.00000 1.00000
69.60207 3.00000 1.00000
81.20116 3.00000 1.00000
99.10291 3.00000 1.00000
117.50003 3.00000 1.00000
128.59966 3.00000 1.00000
141.59897 3.00000 1.00000
152.41382 3.00000 1.00000
187.29672 3.00000 1.00000
212.94442 3.00000 1.00000
226.10973 3.00000 1.00000
238.47620 3.00000 1.00000
279.27639 3.00000 1.00000
291.24017 3.00000 1.00000
302.08954 3.00000 1.00000
321.58809 3.00000 1.00000
333.15270 3.00000 1.00000
366.38493 3.00000 1.00000
