22.96977 3.00000 1.00000
37.18500 3.00000 1.00000
55.13394 3.00000 1.00000
65.73327 3.00000 1.00000
82.49931 3.00000 1.00000
99.71475 3.00000 1.00000
120.06479 3.00000 1.00000
158.17832 3.00000 1.00000
169.37816 3.00000 1.00000
189.91062 3.00000 1.00000
200.15893 3.00000 1.00000
212.64086 3.00000 1.00000
224.24097 3.00000 1.00000
236.37424 3.00000 1.00000
263.03822 3.00000 1.00000
275.62227 3.00000 1.00000
310.30373 3.00000 1.00000
327.40103 3.00000 1.00000
338.30005 3.00000 1.00000
357.68438 3.00000 1.00000
