12.02462 3.00000 1.00000
17.74311 3.00000 1.00000
49.23927 3.00000 1.00000
77.16877 3.00000 1.00000
93.80496 3.00000 1.00000
111.18937 3.00000 1.00000
132.93639 3.00000 1.00000
139.38758 3.00000 1.00000
147.10268 3.00000 1.00000
152.46803 3.00000 1.00000
179.50026 3.00000 1.00000
184.63398 3.00000 1.00000
249.26300 3.00000 1.00000
256.39495 3.00000 1.00000
289.35883 3.00000 1.00000
294.90864 3.00000 1.00000
299.99347 3.00000 1.00000
305.14102 3.00000 1.00000
320.97526 3.00000 1.00000
350.57311 3.00000 1.00000
