30.20521 3.00000 1.00000
43.17085 3.00000 1.00000
60.71937 3.00000 1.00000
72.15180 3.00000 1.00000
87.91908 3.00000 1.00000
106.04905 3.00000 1.00000
127.39990 3.00000 1.00000
163.48150 3.00000 1.00000
174.39637 3.00000 1.00000
195.09483 3.00000 1.00000
205.50989 3.00000 1.00000
218.22610 3.00000 1.00000
230.04166 3.00000 1.00000
241.74196 3.00000 1.00000
270.39080 3.00000 1.00000
283.50740 3.00000 1.00000
315.53817 3.00000 1.00000
332.58744 3.00000 1.00000
343.86906 3.00000 1.00000
364.30210 3.00000 1.00000
