18.78408 3.00000 1.00000
31.93479 3.00000 1.00000
42.85197 3.00000 1.00000
54.60087 3.00000 1.00000
66.16458 3.00000 1.00000
77.04977 3.00000 1.00000
87.99843 3.00000 1.00000
99.18212 3.00000 1.00000
117.61385 3.00000 1.00000
133.72977 3.00000 1.00000
150.81352 3.00000 1.00000
170.05998 3.00000 1.00000
189.00859 3.00000 1.00000
199.39020 3.00000 1.00000
238.93900 3.00000 1.00000
282.56796 3.00000 1.00000
297.58813 3.00000 1.00000
329.55188 3.00000 1.00000
348.45088 3.00000 1.00000
359.14988 3.00000 1.00000
