16.51634 3.00000 1.00000
26.74917 3.00000 1.00000
36.28331 3.00000 1.00000
48.59768 3.00000 1.00000
67.66225 3.00000 1.00000
77.91027 3.00000 1.00000
115.06039 3.00000 1.00000
125.00752 3.00000 1.00000
136.42361 3.00000 1.00000
152.93951 3.00000 1.00000
179.72234 3.00000 1.00000
192.85376 3.00000 1.00000
203.53683 3.00000 1.00000
222.30403 3.00000 1.00000
231.83581 3.00000 1.00000
242.00119 3.00000 1.00000
252.70078 3.00000 1.00000
262.31872 3.00000 1.00000
272.31720 3.00000 1.00000
283.56723 3.00000 1.00000
308.36666 3.00000 1.00000
325.94873 3.00000 1.00000
347.02816 3.00000 1.00000
373.74628 3.00000 1.00000
