12.02553 3.00000 1.00000
29.55856 3.00000 1.00000
49.63990 3.00000 1.00000
68.42273 3.00000 1.00000
75.85588 3.00000 1.00000
82.12142 3.00000 1.00000
87.13816 3.00000 1.00000
160.73446 3.00000 1.00000
176.84908 3.00000 1.00000
205.13227 3.00000 1.00000
210.63009 3.00000 1.00000
218.14275 3.00000 1.00000
235.97909 3.00000 1.00000
242.52877 3.00000 1.00000
249.90988 3.00000 1.00000
291.57627 3.00000 1.00000
296.73723 3.00000 1.00000
327.95906 3.00000 1.00000
336.58902 3.00000 1.00000
352.93317 3.00000 1.00000
