24.08773 3.00000 1.00000
41.83194 3.00000 1.00000
62.69801 3.00000 1.00000
97.46657 3.00000 1.00000
109.43418 3.00000 1.00000
120.34897 3.00000 1.00000
131.89798 3.00000 1.00000
143.56764 3.00000 1.00000
155.71348 3.00000 1.00000
171.82675 3.00000 1.00000
188.41131 3.00000 1.00000
199.97321 3.00000 1.00000
229.77455 3.00000 1.00000
260.15726 3.00000 1.00000
273.93664 3.00000 1.00000
286.13698 3.00000 1.00000
309.82347 3.00000 1.00000
322.17172 3.00000 1.00000
347.56979 3.00000 1.00000
366.43432 3.00000 1.00000
