16.51749 3.00000 1.00000
26.04634 3.00000 1.00000
44.31464 3.00000 1.00000
54.09737 3.00000 1.00000
63.76133 3.00000 1.00000
76.07954 3.00000 1.00000
128.84186 3.00000 1.00000
140.72400 3.00000 1.00000
151.92230 3.00000 1.00000
162.05737 3.00000 1.00000
172.05564 3.00000 1.00000
188.70411 3.00000 1.00000
198.63733 3.00000 1.00000
208.51999 3.00000 1.00000
225.58791 3.00000 1.00000
236.05127 3.00000 1.00000
253.87072 3.00000 1.00000
279.13269 3.00000 1.00000
309.90003 3.00000 1.00000
319.43020 3.00000 1.00000
329.32225 3.00000 1.00000
342.44580 3.00000 1.00000
359.39574 3.00000 1.00000
368.91350 3.00000 1.00000
