12.02674 3.00000 1.00000
111.63783 3.00000 1.00000
128.25301 3.00000 1.00000
144.26153 3.00000 1.00000
161.44842 3.00000 1.00000
181.88135 3.00000 1.00000
211.31455 3.00000 1.00000
217.50997 3.00000 1.00000
223.00816 3.00000 1.00000
228.42973 3.00000 1.00000
233.91546 3.00000 1.00000
252.01213 3.00000 1.00000
257.04498 3.00000 1.00000
262.27841 3.00000 1.00000
268.07658 3.00000 1.00000
275.87620 3.00000 1.00000
310.77682 3.00000 1.00000
316.52540 3.00000 1.00000
323.90635 3.00000 1.00000
340.95224 3.00000 1.00000
