18.61939 3.00000 1.00000
36.28159 3.00000 1.00000
55.15040 3.00000 1.00000
92.36427 3.00000 1.00000
104.36449 3.00000 1.00000
114.81411 3.00000 1.00000
125.67860 3.00000 1.00000
137.52524 3.00000 1.00000
150.69451 3.00000 1.00000
165.97924 3.00000 1.00000
182.25874 3.00000 1.00000
194.35984 3.00000 1.00000
223.75749 3.00000 1.00000
254.92247 3.00000 1.00000
266.33746 3.00000 1.00000
279.56910 3.00000 1.00000
304.26715 3.00000 1.00000
316.56980 3.00000 1.00000
341.90159 3.00000 1.00000
358.66640 3.00000 1.00000
