28.13827 3.00000 1.00000
45.50491 3.00000 1.00000
70.41931 3.00000 1.00000
86.05240 3.00000 1.00000
109.03389 3.00000 1.00000
132.55173 3.00000 1.00000
145.81540 3.00000 1.00000
157.54764 3.00000 1.00000
171.38073 3.00000 1.00000
194.47995 3.00000 1.00000
218.14505 3.00000 1.00000
237.97561 3.00000 1.00000
251.14174 3.00000 1.00000
263.04086 3.00000 1.00000
291.75689 3.00000 1.00000
313.92172 3.00000 1.00000
325.30452 3.00000 1.00000
343.80238 3.00000 1.00000
354.12078 3.00000 1.00000
365.88555 3.00000 1.00000
