12.00594 3.00000 1.00000
40.60415 3.00000 1.00000
52.97033 3.00000 1.00000
96.08377 3.00000 1.00000
107.58309 3.00000 1.00000
123.98230 3.00000 1.00000
136.61463 3.00000 1.00000
146.71438 3.00000 1.00000
166.09671 3.00000 1.00000
191.11163 3.00000 1.00000
218.81154 3.00000 1.00000
240.54204 3.00000 1.00000
258.72513 3.00000 1.00000
270.17379 3.00000 1.00000
283.32314 3.00000 1.00000
295.63921 3.00000 1.00000
307.30471 3.00000 1.00000
331.53774 3.00000 1.00000
348.43633 3.00000 1.00000
360.25108 3.00000 1.00000
