24.11182 3.00000 1.00000
31.61147 3.00000 1.00000
65.57430 3.00000 1.00000
71.34130 3.00000 1.00000
76.71006 3.00000 1.00000
84.51006 3.00000 1.00000
90.87359 3.00000 1.00000
118.73892 3.00000 1.00000
159.27006 3.00000 1.00000
177.85267 3.00000 1.00000
184.10184 3.00000 1.00000
201.23491 3.00000 1.00000
206.78350 3.00000 1.00000
212.18338 3.00000 1.00000
229.20083 3.00000 1.00000
234.34797 3.00000 1.00000
253.02865 3.00000 1.00000
320.36093 3.00000 1.00000
325.99383 3.00000 1.00000
343.01385 3.00000 1.00000
