12.01084 3.00000 1.00000
17.64125 3.00000 1.00000
33.84116 3.00000 1.00000
52.22677 3.00000 1.00000
57.77423 3.00000 1.00000
91.43968 3.00000 1.00000
97.67127 3.00000 1.00000
114.23768 3.00000 1.00000
121.88892 3.00000 1.00000
176.71667 3.00000 1.00000
182.71667 3.00000 1.00000
200.39797 3.00000 1.00000
206.61564 3.00000 1.00000
224.23047 3.00000 1.00000
270.04362 3.00000 1.00000
275.36165 3.00000 1.00000
281.17858 3.00000 1.00000
297.01180 3.00000 1.00000
302.24384 3.00000 1.00000
331.54113 3.00000 1.00000
