23.05221 3.00000 1.00000
39.28541 3.00000 1.00000
64.60058 3.00000 1.00000
79.39905 3.00000 1.00000
102.69875 3.00000 1.00000
127.02928 3.00000 1.00000
139.17972 3.00000 1.00000
151.52863 3.00000 1.00000
165.02775 3.00000 1.00000
187.94420 3.00000 1.00000
212.97601 3.00000 1.00000
230.42436 3.00000 1.00000
245.75609 3.00000 1.00000
256.63904 3.00000 1.00000
286.72174 3.00000 1.00000
308.66984 3.00000 1.00000
320.01935 3.00000 1.00000
336.90219 3.00000 1.00000
348.88425 3.00000 1.00000
359.83341 3.00000 1.00000
