17.39162 3.00000 1.00000
47.25443 3.00000 1.00000
59.87235 3.00000 1.00000
102.13649 3.00000 1.00000
113.40137 3.00000 1.00000
130.20249 3.00000 1.00000
141.70018 3.00000 1.00000
153.34920 3.00000 1.00000
172.63243 3.00000 1.00000
196.14612 3.00000 1.00000
223.97883 3.00000 1.00000
246.94407 3.00000 1.00000
263.95910 3.00000 1.00000
275.69093 3.00000 1.00000
289.66058 3.00000 1.00000
301.99047 3.00000 1.00000
314.85742 3.00000 1.00000
336.78844 3.00000 1.00000
354.45469 3.00000 1.00000
365.53663 3.00000 1.00000
