16.51888 3.00000 1.00000
26.80295 3.00000 1.00000
37.70169 3.00000 1.00000
47.80045 3.00000 1.00000
57.38293 3.00000 1.00000
82.14855 3.00000 1.00000
91.88123 3.00000 1.00000
102.83071 3.00000 1.00000
113.49529 3.00000 1.00000
123.61329 3.00000 1.00000
133.52721 3.00000 1.00000
143.57829 3.00000 1.00000
161.49470 3.00000 1.00000
172.42613 3.00000 1.00000
182.52620 3.00000 1.00000
202.62559 3.00000 1.00000
212.25742 3.00000 1.00000
221.84260 3.00000 1.00000
246.53752 3.00000 1.00000
259.15665 3.00000 1.00000
271.60114 3.00000 1.00000
282.43798 3.00000 1.00000
294.16858 3.00000 1.00000
305.58327 3.00000 1.00000
332.56790 3.00000 1.00000
345.20025 3.00000 1.00000
354.86465 3.00000 1.00000
364.70055 3.00000 1.00000
375.57867 3.00000 1.00000
385.68147 3.00000 1.00000
401.99789 3.00000 1.00000
