19.23703 3.00000 1.00000
31.90268 3.00000 1.00000
59.08351 3.00000 1.00000
70.91596 3.00000 1.00000
86.74877 3.00000 1.00000
106.23132 3.00000 1.00000
122.79751 3.00000 1.00000
144.51152 3.00000 1.00000
163.04513 3.00000 1.00000
175.56127 3.00000 1.00000
188.91066 3.00000 1.00000
229.45722 3.00000 1.00000
242.09165 3.00000 1.00000
254.30725 3.00000 1.00000
267.42249 3.00000 1.00000
297.63720 3.00000 1.00000
308.27064 3.00000 1.00000
320.41918 3.00000 1.00000
331.03572 3.00000 1.00000
352.53288 3.00000 1.00000
