12.02001 3.00000 1.00000
29.73551 3.00000 1.00000
41.55254 3.00000 1.00000
52.88691 3.00000 1.00000
81.19987 3.00000 1.00000
91.93217 3.00000 1.00000
103.33210 3.00000 1.00000
119.53085 3.00000 1.00000
137.14690 3.00000 1.00000
166.96194 3.00000 1.00000
179.86097 3.00000 1.00000
192.54243 3.00000 1.00000
211.62588 3.00000 1.00000
222.39131 3.00000 1.00000
238.54030 3.00000 1.00000
263.48968 3.00000 1.00000
276.82150 3.00000 1.00000
287.65468 3.00000 1.00000
300.65327 3.00000 1.00000
351.45075 3.00000 1.00000
