26.78792 3.00000 1.00000
36.93633 3.00000 1.00000
64.53571 3.00000 1.00000
75.93450 3.00000 1.00000
92.66732 3.00000 1.00000
111.63220 3.00000 1.00000
128.43236 3.00000 1.00000
151.03179 3.00000 1.00000
169.94731 3.00000 1.00000
180.78250 3.00000 1.00000
193.97985 3.00000 1.00000
236.67609 3.00000 1.00000
248.99073 3.00000 1.00000
260.52540 3.00000 1.00000
274.15818 3.00000 1.00000
302.67230 3.00000 1.00000
315.10470 3.00000 1.00000
325.97151 3.00000 1.00000
336.73596 3.00000 1.00000
357.88484 3.00000 1.00000
