12.01190 3.00000 1.00000
42.47301 3.00000 1.00000
47.55753 3.00000 1.00000
52.64170 3.00000 1.00000
81.52244 3.00000 1.00000
98.68858 3.00000 1.00000
117.03644 3.00000 1.00000
136.56960 3.00000 1.00000
156.61691 3.00000 1.00000
200.34942 3.00000 1.00000
205.83210 3.00000 1.00000
211.61544 3.00000 1.00000
216.94711 3.00000 1.00000
223.29710 3.00000 1.00000
280.71084 3.00000 1.00000
287.31037 3.00000 1.00000
292.51163 3.00000 1.00000
341.75728 3.00000 1.00000
347.37445 3.00000 1.00000
364.00612 3.00000 1.00000
