47.16537 3.00000 1.00000
57.28101 3.00000 1.00000
81.52896 3.00000 1.00000
91.11220 3.00000 1.00000
111.42702 3.00000 1.00000
121.02784 3.00000 1.00000
131.12707 3.00000 1.00000
142.07569 3.00000 1.00000
153.13941 3.00000 1.00000
164.08721 3.00000 1.00000
175.80811 3.00000 1.00000
185.64134 3.00000 1.00000
196.74170 3.00000 1.00000
206.67248 3.00000 1.00000
216.77315 3.00000 1.00000
229.40555 3.00000 1.00000
239.93736 3.00000 1.00000
249.76998 3.00000 1.00000
262.40367 3.00000 1.00000
278.95201 3.00000 1.00000
291.40094 3.00000 1.00000
302.08460 3.00000 1.00000
312.71625 3.00000 1.00000
323.59996 3.00000 1.00000
333.18182 3.00000 1.00000
360.26394 3.00000 1.00000
371.16248 3.00000 1.00000
380.86360 3.00000 1.00000
391.71254 3.00000 1.00000
