16.51593 3.00000 1.00000
26.54920 3.00000 1.00000
36.46391 3.00000 1.00000
46.48160 3.00000 1.00000
69.63146 3.00000 1.00000
79.64751 3.00000 1.00000
90.56206 3.00000 1.00000
101.56286 3.00000 1.00000
112.12881 3.00000 1.00000
123.02656 3.00000 1.00000
133.45861 3.00000 1.00000
143.06026 3.00000 1.00000
152.81134 3.00000 1.00000
163.14229 3.00000 1.00000
172.96548 3.00000 1.00000
189.55552 3.00000 1.00000
199.65710 3.00000 1.00000
209.85681 3.00000 1.00000
219.57225 3.00000 1.00000
229.63712 3.00000 1.00000
248.02163 3.00000 1.00000
260.07007 3.00000 1.00000
272.57045 3.00000 1.00000
282.68442 3.00000 1.00000
295.86765 3.00000 1.00000
305.98382 3.00000 1.00000
315.75049 3.00000 1.00000
327.44645 3.00000 1.00000
345.01491 3.00000 1.00000
354.74777 3.00000 1.00000
378.11429 3.00000 1.00000
387.69569 3.00000 1.00000
397.92808 3.00000 1.00000
410.57822 3.00000 1.00000
