37.42561 3.00000 1.00000
56.19230 3.00000 1.00000
61.44079 3.00000 1.00000
67.85554 3.00000 1.00000
94.70658 3.00000 1.00000
100.77286 3.00000 1.00000
145.85273 3.00000 1.00000
175.16635 3.00000 1.00000
183.16778 3.00000 1.00000
189.21667 3.00000 1.00000
194.71534 3.00000 1.00000
213.74790 3.00000 1.00000
220.14666 3.00000 1.00000
240.83241 3.00000 1.00000
246.91354 3.00000 1.00000
262.56253 3.00000 1.00000
290.44594 3.00000 1.00000
306.57414 3.00000 1.00000
334.19204 3.00000 1.00000
362.10724 3.00000 1.00000
