23.11869 3.00000 1.00000
34.01627 3.00000 1.00000
44.04904 3.00000 1.00000
54.16212 3.00000 1.00000
63.86420 3.00000 1.00000
75.24784 3.00000 1.00000
85.24607 3.00000 1.00000
94.99692 3.00000 1.00000
116.57827 3.00000 1.00000
133.70937 3.00000 1.00000
143.44324 3.00000 1.00000
167.54435 3.00000 1.00000
185.02460 3.00000 1.00000
195.59010 3.00000 1.00000
205.79001 3.00000 1.00000
217.90541 3.00000 1.00000
228.95315 3.00000 1.00000
238.95423 3.00000 1.00000
248.55354 3.00000 1.00000
258.13499 3.00000 1.00000
269.83614 3.00000 1.00000
280.38355 3.00000 1.00000
297.50088 3.00000 1.00000
318.73244 3.00000 1.00000
328.46449 3.00000 1.00000
351.04831 3.00000 1.00000
360.84634 3.00000 1.00000
371.18127 3.00000 1.00000
381.19420 3.00000 1.00000
393.82927 3.00000 1.00000
403.72778 3.00000 1.00000
413.49475 3.00000 1.00000
