44.96794 1.50000 1.00000
68.11680 1.50000 1.00000
78.13319 1.50000 1.00000
89.04911 1.50000 1.00000
100.04845 1.50000 1.00000
110.61434 1.50000 1.00000
121.51320 1.50000 1.00000
141.54659 1.50000 1.00000
151.29575 1.50000 1.00000
161.62812 1.50000 1.00000
188.04369 1.50000 1.00000
218.05699 1.50000 1.00000
258.55601 1.50000 1.00000
271.05539 1.50000 1.00000
294.35214 1.50000 1.00000
314.23606 1.50000 1.00000
343.50087 1.50000 1.00000
376.59796 1.50000 1.00000
386.18137 1.50000 1.00000
396.41338 1.50000 1.00000
409.06453 1.50000 1.00000
