17.10521 3.00000 1.00000
28.15570 3.00000 1.00000
60.15280 3.00000 1.00000
74.83592 3.00000 1.00000
93.83546 3.00000 1.00000
142.96601 3.00000 1.00000
158.96524 3.00000 1.00000
183.14661 3.00000 1.00000
195.62899 3.00000 1.00000
213.74335 3.00000 1.00000
224.16038 3.00000 1.00000
244.67925 3.00000 1.00000
267.65864 3.00000 1.00000
278.40705 3.00000 1.00000
289.82379 3.00000 1.00000
306.17214 3.00000 1.00000
317.89061 3.00000 1.00000
341.55372 3.00000 1.00000
352.76844 3.00000 1.00000
365.70088 3.00000 1.00000
