12.00483 3.00000 1.00000
24.70399 3.00000 1.00000
42.93523 3.00000 1.00000
72.93421 3.00000 1.00000
83.33168 3.00000 1.00000
108.31607 3.00000 1.00000
122.39660 3.00000 1.00000
133.48032 3.00000 1.00000
151.54524 3.00000 1.00000
163.11202 3.00000 1.00000
200.32577 3.00000 1.00000
228.27492 3.00000 1.00000
252.14057 3.00000 1.00000
267.65676 3.00000 1.00000
278.85458 3.00000 1.00000
295.55468 3.00000 1.00000
312.13692 3.00000 1.00000
323.28602 3.00000 1.00000
339.91926 3.00000 1.00000
351.28433 3.00000 1.00000
