12.02155 3.00000 1.00000
22.70332 3.00000 1.00000
53.96813 3.00000 1.00000
66.63393 3.00000 1.00000
88.06579 3.00000 1.00000
136.17971 3.00000 1.00000
153.27885 3.00000 1.00000
177.74439 3.00000 1.00000
188.66095 3.00000 1.00000
206.84271 3.00000 1.00000
218.95858 3.00000 1.00000
238.82363 3.00000 1.00000
262.08910 3.00000 1.00000
272.75613 3.00000 1.00000
283.92171 3.00000 1.00000
300.60519 3.00000 1.00000
312.23724 3.00000 1.00000
336.45234 3.00000 1.00000
346.80124 3.00000 1.00000
359.15044 3.00000 1.00000
