41.96830 3.00000 1.00000
65.11624 3.00000 1.00000
75.13403 3.00000 1.00000
86.05026 3.00000 1.00000
97.04947 3.00000 1.00000
107.61605 3.00000 1.00000
118.51374 3.00000 1.00000
138.54792 3.00000 1.00000
148.29742 3.00000 1.00000
158.62946 3.00000 1.00000
185.04568 3.00000 1.00000
215.05825 3.00000 1.00000
255.55759 3.00000 1.00000
268.05635 3.00000 1.00000
291.35465 3.00000 1.00000
311.23736 3.00000 1.00000
340.50177 3.00000 1.00000
373.59973 3.00000 1.00000
383.18345 3.00000 1.00000
393.41436 3.00000 1.00000
406.06542 3.00000 1.00000
