16.51696 3.00000 1.00000
27.19886 3.00000 1.00000
37.93158 3.00000 1.00000
49.43147 3.00000 1.00000
60.46307 3.00000 1.00000
70.67937 3.00000 1.00000
80.27802 3.00000 1.00000
89.89578 3.00000 1.00000
100.44556 3.00000 1.00000
110.07830 3.00000 1.00000
120.46167 3.00000 1.00000
130.59188 3.00000 1.00000
151.39072 3.00000 1.00000
163.79396 3.00000 1.00000
174.17469 3.00000 1.00000
185.94629 3.00000 1.00000
196.15570 3.00000 1.00000
206.20513 3.00000 1.00000
228.06998 3.00000 1.00000
237.60386 3.00000 1.00000
247.13400 3.00000 1.00000
257.18815 3.00000 1.00000
267.16918 3.00000 1.00000
279.06974 3.00000 1.00000
301.43421 3.00000 1.00000
312.14679 3.00000 1.00000
322.61643 3.00000 1.00000
332.29943 3.00000 1.00000
341.88267 3.00000 1.00000
351.61320 3.00000 1.00000
361.47912 3.00000 1.00000
382.36436 3.00000 1.00000
391.97893 3.00000 1.00000
403.07865 3.00000 1.00000
