16.51784 3.00000 1.00000
27.23132 3.00000 1.00000
72.41501 3.00000 1.00000
94.51227 3.00000 1.00000
105.24512 3.00000 1.00000
125.27546 3.00000 1.00000
136.59426 3.00000 1.00000
146.20978 3.00000 1.00000
165.65678 3.00000 1.00000
187.28906 3.00000 1.00000
205.72016 3.00000 1.00000
215.23595 3.00000 1.00000
234.52212 3.00000 1.00000
247.13708 3.00000 1.00000
278.31713 3.00000 1.00000
288.53463 3.00000 1.00000
298.21672 3.00000 1.00000
308.59965 3.00000 1.00000
318.66641 3.00000 1.00000
329.21508 3.00000 1.00000
339.33146 3.00000 1.00000
361.66579 3.00000 1.00000
372.34714 3.00000 1.00000
383.06255 3.00000 1.00000
392.79542 3.00000 1.00000
402.39332 3.00000 1.00000
422.72615 3.00000 1.00000
