12.02537 3.00000 1.00000
29.50755 3.00000 1.00000
45.97740 3.00000 1.00000
51.85761 3.00000 1.00000
56.94037 3.00000 1.00000
113.55353 3.00000 1.00000
119.27090 3.00000 1.00000
140.51905 3.00000 1.00000
158.41833 3.00000 1.00000
166.51648 3.00000 1.00000
197.71647 3.00000 1.00000
249.72933 3.00000 1.00000
256.91298 3.00000 1.00000
299.87703 3.00000 1.00000
316.49068 3.00000 1.00000
332.49160 3.00000 1.00000
348.70662 3.00000 1.00000
353.82535 3.00000 1.00000
358.92309 3.00000 1.00000
363.95606 3.00000 1.00000
