37.03579 3.00000 1.00000
55.46793 3.00000 1.00000
76.23378 3.00000 1.00000
88.61554 3.00000 1.00000
112.01470 3.00000 1.00000
122.31411 3.00000 1.00000
142.49528 3.00000 1.00000
153.89564 3.00000 1.00000
165.84573 3.00000 1.00000
185.92754 3.00000 1.00000
215.15851 3.00000 1.00000
225.59275 3.00000 1.00000
250.65719 3.00000 1.00000
264.50611 3.00000 1.00000
279.18823 3.00000 1.00000
296.20411 3.00000 1.00000
312.20326 3.00000 1.00000
322.78715 3.00000 1.00000
335.90107 3.00000 1.00000
346.91836 3.00000 1.00000
