19.00400 3.00000 1.00000
35.70219 3.00000 1.00000
62.96673 3.00000 1.00000
74.63417 3.00000 1.00000
86.06640 3.00000 1.00000
98.81551 3.00000 1.00000
126.66430 3.00000 1.00000
147.02912 3.00000 1.00000
171.64513 3.00000 1.00000
185.89369 3.00000 1.00000
203.26025 3.00000 1.00000
213.75989 3.00000 1.00000
225.24139 3.00000 1.00000
238.47335 3.00000 1.00000
262.95598 3.00000 1.00000
276.38935 3.00000 1.00000
287.50518 3.00000 1.00000
305.48967 3.00000 1.00000
322.18543 3.00000 1.00000
337.71824 3.00000 1.00000
