43.81986 3.00000 1.00000
60.98568 3.00000 1.00000
81.45118 3.00000 1.00000
94.66748 3.00000 1.00000
117.24993 3.00000 1.00000
127.41488 3.00000 1.00000
147.69921 3.00000 1.00000
159.04618 3.00000 1.00000
171.79735 3.00000 1.00000
191.87893 3.00000 1.00000
220.57616 3.00000 1.00000
231.94317 3.00000 1.00000
258.62550 3.00000 1.00000
272.65854 3.00000 1.00000
285.08954 3.00000 1.00000
301.33960 3.00000 1.00000
317.44020 3.00000 1.00000
329.70574 3.00000 1.00000
341.82045 3.00000 1.00000
352.18654 3.00000 1.00000
