47.25899 3.00000 1.00000
99.77147 3.00000 1.00000
130.65363 3.00000 1.00000
137.22020 3.00000 1.00000
143.57033 3.00000 1.00000
149.06923 3.00000 1.00000
154.31801 3.00000 1.00000
160.30172 3.00000 1.00000
230.44802 3.00000 1.00000
235.51525 3.00000 1.00000
241.36151 3.00000 1.00000
248.36290 3.00000 1.00000
267.17823 3.00000 1.00000
272.44529 3.00000 1.00000
280.26209 3.00000 1.00000
295.82835 3.00000 1.00000
301.06391 3.00000 1.00000
307.50938 3.00000 1.00000
336.52453 3.00000 1.00000
356.05792 3.00000 1.00000
