26.37140 3.00000 1.00000
37.63849 3.00000 1.00000
70.78603 3.00000 1.00000
84.03681 3.00000 1.00000
97.48389 3.00000 1.00000
123.54920 3.00000 1.00000
135.53218 3.00000 1.00000
146.98276 3.00000 1.00000
157.11390 3.00000 1.00000
169.89734 3.00000 1.00000
182.59714 3.00000 1.00000
192.96245 3.00000 1.00000
203.31196 3.00000 1.00000
215.21046 3.00000 1.00000
239.92617 3.00000 1.00000
260.69185 3.00000 1.00000
279.00726 3.00000 1.00000
337.63796 3.00000 1.00000
354.47076 3.00000 1.00000
368.93455 3.00000 1.00000
