19.02056 3.00000 1.00000
31.58607 3.00000 1.00000
65.65168 3.00000 1.00000
76.28438 3.00000 1.00000
90.73120 3.00000 1.00000
117.83153 3.00000 1.00000
129.81265 3.00000 1.00000
141.12966 3.00000 1.00000
152.06295 3.00000 1.00000
164.01108 3.00000 1.00000
175.12787 3.00000 1.00000
187.72641 3.00000 1.00000
198.11056 3.00000 1.00000
208.91060 3.00000 1.00000
234.77502 3.00000 1.00000
253.63934 3.00000 1.00000
272.45576 3.00000 1.00000
331.18517 3.00000 1.00000
348.93448 3.00000 1.00000
363.16696 3.00000 1.00000
