18.34909 3.00000 1.00000
29.95985 3.00000 1.00000
41.35977 3.00000 1.00000
67.19436 3.00000 1.00000
85.31587 3.00000 1.00000
99.25016 3.00000 1.00000
123.85013 3.00000 1.00000
172.78345 3.00000 1.00000
190.96099 3.00000 1.00000
203.39376 3.00000 1.00000
219.86161 3.00000 1.00000
231.63885 3.00000 1.00000
249.55044 3.00000 1.00000
266.58353 3.00000 1.00000
284.49541 3.00000 1.00000
302.09705 3.00000 1.00000
316.19567 3.00000 1.00000
335.20803 3.00000 1.00000
351.67470 3.00000 1.00000
362.41966 3.00000 1.00000
