12.02164 3.00000 1.00000
20.72032 3.00000 1.00000
49.28637 3.00000 1.00000
67.62166 3.00000 1.00000
73.95259 3.00000 1.00000
91.65531 3.00000 1.00000
113.32079 3.00000 1.00000
168.75526 3.00000 1.00000
210.92300 3.00000 1.00000
216.14534 3.00000 1.00000
234.31567 3.00000 1.00000
239.40002 3.00000 1.00000
270.29064 3.00000 1.00000
278.09030 3.00000 1.00000
306.66876 3.00000 1.00000
333.77760 3.00000 1.00000
350.78398 3.00000 1.00000
356.39196 3.00000 1.00000
361.63641 3.00000 1.00000
367.12532 3.00000 1.00000
