12.02373 3.00000 1.00000
55.62080 3.00000 1.00000
62.06510 3.00000 1.00000
79.71170 3.00000 1.00000
112.03429 3.00000 1.00000
118.31211 3.00000 1.00000
136.72201 3.00000 1.00000
141.85352 3.00000 1.00000
149.32463 3.00000 1.00000
154.53247 3.00000 1.00000
160.04388 3.00000 1.00000
166.08613 3.00000 1.00000
183.07624 3.00000 1.00000
214.61198 3.00000 1.00000
244.36542 3.00000 1.00000
260.75971 3.00000 1.00000
278.99957 3.00000 1.00000
296.13443 3.00000 1.00000
328.31439 3.00000 1.00000
346.46820 3.00000 1.00000
