27.61673 3.00000 1.00000
45.76104 3.00000 1.00000
63.33955 3.00000 1.00000
75.38382 3.00000 1.00000
93.29406 3.00000 1.00000
129.94881 3.00000 1.00000
143.19399 3.00000 1.00000
157.45006 3.00000 1.00000
185.65197 3.00000 1.00000
196.79679 3.00000 1.00000
208.05227 3.00000 1.00000
220.41913 3.00000 1.00000
231.85164 3.00000 1.00000
244.37523 3.00000 1.00000
258.45175 3.00000 1.00000
270.17418 3.00000 1.00000
312.22025 3.00000 1.00000
331.14160 3.00000 1.00000
341.82031 3.00000 1.00000
357.73190 3.00000 1.00000
