26.32621 3.00000 1.00000
36.61548 3.00000 1.00000
54.83790 3.00000 1.00000
79.15975 3.00000 1.00000
99.53858 3.00000 1.00000
118.37238 3.00000 1.00000
131.63947 3.00000 1.00000
144.74920 3.00000 1.00000
156.58359 3.00000 1.00000
174.81792 3.00000 1.00000
186.79533 3.00000 1.00000
200.31760 3.00000 1.00000
223.15073 3.00000 1.00000
245.67426 3.00000 1.00000
256.70630 3.00000 1.00000
283.21876 3.00000 1.00000
295.48470 3.00000 1.00000
311.91814 3.00000 1.00000
322.94053 3.00000 1.00000
340.32944 3.00000 1.00000
