17.27047 3.00000 1.00000
28.88143 3.00000 1.00000
43.15982 3.00000 1.00000
54.20441 3.00000 1.00000
92.31484 3.00000 1.00000
103.53976 3.00000 1.00000
114.36016 3.00000 1.00000
137.90559 3.00000 1.00000
171.43934 3.00000 1.00000
184.51666 3.00000 1.00000
202.20455 3.00000 1.00000
219.65153 3.00000 1.00000
232.26133 3.00000 1.00000
262.42758 3.00000 1.00000
274.39674 3.00000 1.00000
286.32738 3.00000 1.00000
297.19770 3.00000 1.00000
312.89609 3.00000 1.00000
349.98431 3.00000 1.00000
363.10629 3.00000 1.00000
