19.10168 2.50000 1.00000
31.61833 2.50000 1.00000
42.31894 2.50000 1.00000
52.56879 2.50000 1.00000
63.61505 2.50000 1.00000
74.60199 2.50000 1.00000
85.11499 2.50000 1.00000
110.83232 2.50000 1.00000
148.78299 2.50000 1.00000
161.59450 2.50000 1.00000
197.80872 2.50000 1.00000
208.53890 2.50000 1.00000
219.10756 2.50000 1.00000
229.37493 2.50000 1.00000
240.45673 2.50000 1.00000
250.65665 2.50000 1.00000
262.57235 2.50000 1.00000
275.05508 2.50000 1.00000
285.20555 2.50000 1.00000
297.21922 2.50000 1.00000
316.01968 2.50000 1.00000
326.16895 2.50000 1.00000
337.63649 2.50000 1.00000
362.63291 2.50000 1.00000
381.67912 2.50000 1.00000
394.57887 2.50000 1.00000
405.92962 2.50000 1.00000
