46.52062 2.50000 1.00000
59.33531 2.50000 1.00000
76.63430 2.50000 1.00000
94.31410 2.50000 1.00000
104.88287 2.50000 1.00000
115.08268 2.50000 1.00000
135.99442 2.50000 1.00000
166.64500 2.50000 1.00000
176.97952 2.50000 1.00000
187.83049 2.50000 1.00000
198.34437 2.50000 1.00000
218.94391 2.50000 1.00000
229.44325 2.50000 1.00000
240.05898 2.50000 1.00000
250.30786 2.50000 1.00000
279.39213 2.50000 1.00000
290.37027 2.50000 1.00000
300.52169 2.50000 1.00000
310.75139 2.50000 1.00000
322.46933 2.50000 1.00000
340.75000 2.50000 1.00000
352.10192 2.50000 1.00000
362.83584 2.50000 1.00000
374.75184 2.50000 1.00000
394.86630 2.50000 1.00000
413.44824 2.50000 1.00000
