12.01027 3.00000 1.00000
20.72698 3.00000 1.00000
63.93948 3.00000 1.00000
105.53922 3.00000 1.00000
112.55432 3.00000 1.00000
155.50265 3.00000 1.00000
160.65203 3.00000 1.00000
167.00372 3.00000 1.00000
173.28514 3.00000 1.00000
189.73151 3.00000 1.00000
195.79866 3.00000 1.00000
201.41743 3.00000 1.00000
219.88197 3.00000 1.00000
226.34805 3.00000 1.00000
231.59737 3.00000 1.00000
287.99521 3.00000 1.00000
293.22587 3.00000 1.00000
299.66127 3.00000 1.00000
316.25942 3.00000 1.00000
357.77264 3.00000 1.00000
