22.75542 3.00000 1.00000
33.73727 3.00000 1.00000
52.30292 3.00000 1.00000
64.86892 3.00000 1.00000
82.73426 3.00000 1.00000
93.41791 3.00000 1.00000
110.76610 3.00000 1.00000
128.99824 3.00000 1.00000
140.83166 3.00000 1.00000
152.68061 3.00000 1.00000
179.74561 3.00000 1.00000
198.14489 3.00000 1.00000
212.59380 3.00000 1.00000
232.71039 3.00000 1.00000
271.60744 3.00000 1.00000
293.79022 3.00000 1.00000
312.43958 3.00000 1.00000
328.30355 3.00000 1.00000
339.38666 3.00000 1.00000
351.43586 3.00000 1.00000
