18.75584 3.00000 1.00000
41.38779 3.00000 1.00000
61.10213 3.00000 1.00000
77.57056 3.00000 1.00000
97.43391 3.00000 1.00000
140.31462 3.00000 1.00000
152.08274 3.00000 1.00000
168.02933 3.00000 1.00000
179.71262 3.00000 1.00000
190.81187 3.00000 1.00000
206.04452 3.00000 1.00000
216.79528 3.00000 1.00000
229.40992 3.00000 1.00000
248.94176 3.00000 1.00000
261.59024 3.00000 1.00000
285.39138 3.00000 1.00000
305.08829 3.00000 1.00000
341.27276 3.00000 1.00000
358.01812 3.00000 1.00000
369.05308 3.00000 1.00000
