25.78758 2.50000 1.00000
35.40278 2.50000 1.00000
55.31667 2.50000 1.00000
64.46491 2.50000 1.00000
75.03240 2.50000 1.00000
84.24900 2.50000 1.00000
93.98145 2.50000 1.00000
114.68052 2.50000 1.00000
134.13022 2.50000 1.00000
171.92747 2.50000 1.00000
181.91042 2.50000 1.00000
194.62482 2.50000 1.00000
206.52818 2.50000 1.00000
215.77226 2.50000 1.00000
248.79004 2.50000 1.00000
258.30624 2.50000 1.00000
270.12246 2.50000 1.00000
295.07020 2.50000 1.00000
313.03637 2.50000 1.00000
322.55252 2.50000 1.00000
332.83440 2.50000 1.00000
344.31791 2.50000 1.00000
353.46674 2.50000 1.00000
362.61606 2.50000 1.00000
373.08231 2.50000 1.00000
382.93071 2.50000 1.00000
