17.60271 1.50000 1.00000
24.60188 1.50000 1.00000
34.11854 1.50000 1.00000
43.61749 1.50000 1.00000
53.90056 1.50000 1.00000
64.61490 1.50000 1.00000
73.76642 1.50000 1.00000
80.39924 1.50000 1.00000
92.21552 1.50000 1.00000
102.68131 1.50000 1.00000
113.24729 1.50000 1.00000
119.88076 1.50000 1.00000
129.72940 1.50000 1.00000
136.91283 1.50000 1.00000
146.47885 1.50000 1.00000
154.99485 1.50000 1.00000
165.42757 1.50000 1.00000
172.12805 1.50000 1.00000
181.35988 1.50000 1.00000
192.27636 1.50000 1.00000
199.09234 1.50000 1.00000
211.80701 1.50000 1.00000
221.02328 1.50000 1.00000
231.07456 1.50000 1.00000
240.34067 1.50000 1.00000
247.38949 1.50000 1.00000
256.35546 1.50000 1.00000
265.60564 1.50000 1.00000
272.20495 1.50000 1.00000
281.43695 1.50000 1.00000
290.58727 1.50000 1.00000
302.10363 1.50000 1.00000
312.08460 1.50000 1.00000
319.65136 1.50000 1.00000
329.03411 1.50000 1.00000
338.64985 1.50000 1.00000
345.88456 1.50000 1.00000
353.95054 1.50000 1.00000
363.01607 1.50000 1.00000
373.36578 1.50000 1.00000
