17.72198 3.00000 1.00000
28.88944 3.00000 1.00000
59.08588 3.00000 1.00000
69.67162 3.00000 1.00000
90.51927 3.00000 1.00000
101.83370 3.00000 1.00000
112.84956 3.00000 1.00000
123.63361 3.00000 1.00000
146.59841 3.00000 1.00000
174.06330 3.00000 1.00000
192.41268 3.00000 1.00000
212.97705 3.00000 1.00000
223.96056 3.00000 1.00000
240.49229 3.00000 1.00000
284.17418 3.00000 1.00000
302.78855 3.00000 1.00000
313.20514 3.00000 1.00000
332.23769 3.00000 1.00000
345.92073 3.00000 1.00000
362.41906 3.00000 1.00000
