36.35939 3.00000 1.00000
42.05784 3.00000 1.00000
47.14216 3.00000 1.00000
74.80672 3.00000 1.00000
79.95516 3.00000 1.00000
131.43613 3.00000 1.00000
153.31899 3.00000 1.00000
159.76602 3.00000 1.00000
180.96774 3.00000 1.00000
197.61655 3.00000 1.00000
229.19659 3.00000 1.00000
245.61128 3.00000 1.00000
250.92832 3.00000 1.00000
257.47903 3.00000 1.00000
264.99485 3.00000 1.00000
272.01212 3.00000 1.00000
290.24313 3.00000 1.00000
319.47487 3.00000 1.00000
351.42328 3.00000 1.00000
368.15657 3.00000 1.00000
