18.70424 2.50000 1.00000
27.85644 2.50000 1.00000
37.55329 2.50000 1.00000
48.11891 2.50000 1.00000
60.02011 2.50000 1.00000
72.73654 2.50000 1.00000
81.88400 2.50000 1.00000
91.93431 2.50000 1.00000
103.45097 2.50000 1.00000
112.54951 2.50000 1.00000
121.61714 2.50000 1.00000
138.96487 2.50000 1.00000
155.52957 2.50000 1.00000
173.26208 2.50000 1.00000
183.71139 2.50000 1.00000
193.32747 2.50000 1.00000
209.37726 2.50000 1.00000
219.66052 2.50000 1.00000
231.47641 2.50000 1.00000
241.94056 2.50000 1.00000
252.85776 2.50000 1.00000
262.94094 2.50000 1.00000
272.07465 2.50000 1.00000
281.80592 2.50000 1.00000
290.95517 2.50000 1.00000
300.52208 2.50000 1.00000
311.09098 2.50000 1.00000
329.67036 2.50000 1.00000
338.89746 2.50000 1.00000
349.90394 2.50000 1.00000
359.15210 2.50000 1.00000
368.38572 2.50000 1.00000
378.23426 2.50000 1.00000
394.96614 2.50000 1.00000
