12.01124 3.00000 1.00000
17.62706 3.00000 1.00000
45.30813 3.00000 1.00000
77.23988 3.00000 1.00000
104.20827 3.00000 1.00000
122.95477 3.00000 1.00000
167.05079 3.00000 1.00000
172.26947 3.00000 1.00000
191.80126 3.00000 1.00000
226.25055 3.00000 1.00000
243.63213 3.00000 1.00000
251.14737 3.00000 1.00000
256.33399 3.00000 1.00000
265.04673 3.00000 1.00000
282.72917 3.00000 1.00000
288.06197 3.00000 1.00000
307.31200 3.00000 1.00000
322.62607 3.00000 1.00000
362.22414 3.00000 1.00000
368.50883 3.00000 1.00000
