33.00438 3.00000 1.00000
44.78663 3.00000 1.00000
56.46901 3.00000 1.00000
76.96845 3.00000 1.00000
88.76889 3.00000 1.00000
99.50052 3.00000 1.00000
124.44764 3.00000 1.00000
137.79881 3.00000 1.00000
150.44702 3.00000 1.00000
184.54621 3.00000 1.00000
214.67792 3.00000 1.00000
243.47572 3.00000 1.00000
256.02480 3.00000 1.00000
267.62420 3.00000 1.00000
280.10704 3.00000 1.00000
310.68899 3.00000 1.00000
329.26941 3.00000 1.00000
341.53618 3.00000 1.00000
352.08664 3.00000 1.00000
368.63507 3.00000 1.00000
