22.20431 3.00000 1.00000
45.01962 3.00000 1.00000
67.23655 3.00000 1.00000
80.96858 3.00000 1.00000
125.16715 3.00000 1.00000
137.96433 3.00000 1.00000
150.18056 3.00000 1.00000
163.03042 3.00000 1.00000
182.47847 3.00000 1.00000
217.01183 3.00000 1.00000
233.84183 3.00000 1.00000
246.09426 3.00000 1.00000
257.30756 3.00000 1.00000
271.55647 3.00000 1.00000
284.50606 3.00000 1.00000
295.15590 3.00000 1.00000
312.70363 3.00000 1.00000
330.47126 3.00000 1.00000
345.95229 3.00000 1.00000
363.66757 3.00000 1.00000
