12.00484 3.00000 1.00000
23.75331 3.00000 1.00000
52.33459 3.00000 1.00000
64.13365 3.00000 1.00000
85.46633 3.00000 1.00000
96.11888 3.00000 1.00000
107.08044 3.00000 1.00000
118.39733 3.00000 1.00000
140.14569 3.00000 1.00000
166.31087 3.00000 1.00000
186.52759 3.00000 1.00000
205.51035 3.00000 1.00000
218.10841 3.00000 1.00000
234.44093 3.00000 1.00000
277.62185 3.00000 1.00000
295.73855 3.00000 1.00000
308.00377 3.00000 1.00000
325.93504 3.00000 1.00000
338.56833 3.00000 1.00000
357.26728 3.00000 1.00000
