19.88589 1.50000 1.00000
26.88586 1.50000 1.00000
33.90021 1.50000 1.00000
43.75125 1.50000 1.00000
53.31746 1.50000 1.00000
60.01555 1.50000 1.00000
70.06661 1.50000 1.00000
77.29837 1.50000 1.00000
86.99879 1.50000 1.00000
94.11595 1.50000 1.00000
103.36441 1.50000 1.00000
111.43148 1.50000 1.00000
118.06315 1.50000 1.00000
124.88056 1.50000 1.00000
134.49690 1.50000 1.00000
142.06151 1.50000 1.00000
148.61216 1.50000 1.00000
160.09370 1.50000 1.00000
169.19417 1.50000 1.00000
179.47670 1.50000 1.00000
188.70975 1.50000 1.00000
197.85955 1.50000 1.00000
208.07505 1.50000 1.00000
218.52428 1.50000 1.00000
225.57498 1.50000 1.00000
234.72348 1.50000 1.00000
244.22275 1.50000 1.00000
250.93919 1.50000 1.00000
258.78854 1.50000 1.00000
266.73804 1.50000 1.00000
276.72179 1.50000 1.00000
287.73711 1.50000 1.00000
299.55291 1.50000 1.00000
308.55234 1.50000 1.00000
317.81826 1.50000 1.00000
326.01785 1.50000 1.00000
336.93389 1.50000 1.00000
346.16706 1.50000 1.00000
356.73370 1.50000 1.00000
365.86551 1.50000 1.00000
