17.18639 1.50000 1.00000
26.33711 1.50000 1.00000
36.03598 1.50000 1.00000
46.60254 1.50000 1.00000
58.50147 1.50000 1.00000
71.21768 1.50000 1.00000
80.36709 1.50000 1.00000
90.41737 1.50000 1.00000
101.93314 1.50000 1.00000
111.03252 1.50000 1.00000
120.09873 1.50000 1.00000
130.44772 1.50000 1.00000
137.44792 1.50000 1.00000
147.01376 1.50000 1.00000
154.01336 1.50000 1.00000
164.72861 1.50000 1.00000
171.74600 1.50000 1.00000
182.19485 1.50000 1.00000
191.81147 1.50000 1.00000
201.04401 1.50000 1.00000
207.86059 1.50000 1.00000
218.14297 1.50000 1.00000
229.95901 1.50000 1.00000
240.42449 1.50000 1.00000
251.34146 1.50000 1.00000
261.42313 1.50000 1.00000
270.55789 1.50000 1.00000
280.28786 1.50000 1.00000
289.43756 1.50000 1.00000
299.00475 1.50000 1.00000
309.57048 1.50000 1.00000
319.18647 1.50000 1.00000
328.15335 1.50000 1.00000
337.37073 1.50000 1.00000
348.38454 1.50000 1.00000
357.63428 1.50000 1.00000
366.86717 1.50000 1.00000
376.71666 1.50000 1.00000
385.98318 1.50000 1.00000
393.44944 1.50000 1.00000
