17.08566 1.50000 1.00000
29.60199 1.50000 1.00000
40.30195 1.50000 1.00000
50.55063 1.50000 1.00000
61.59952 1.50000 1.00000
72.58308 1.50000 1.00000
83.09812 1.50000 1.00000
94.54832 1.50000 1.00000
101.59758 1.50000 1.00000
108.81476 1.50000 1.00000
120.53137 1.50000 1.00000
130.86296 1.50000 1.00000
138.48004 1.50000 1.00000
146.76036 1.50000 1.00000
159.57827 1.50000 1.00000
169.71101 1.50000 1.00000
177.26046 1.50000 1.00000
185.09302 1.50000 1.00000
195.79208 1.50000 1.00000
206.52551 1.50000 1.00000
217.09151 1.50000 1.00000
227.35772 1.50000 1.00000
238.43930 1.50000 1.00000
248.63970 1.50000 1.00000
260.55558 1.50000 1.00000
273.03808 1.50000 1.00000
283.18722 1.50000 1.00000
295.20400 1.50000 1.00000
306.76920 1.50000 1.00000
314.00160 1.50000 1.00000
324.15135 1.50000 1.00000
335.61758 1.50000 1.00000
345.78212 1.50000 1.00000
353.00015 1.50000 1.00000
360.61663 1.50000 1.00000
371.11561 1.50000 1.00000
379.66569 1.50000 1.00000
392.56497 1.50000 1.00000
403.91379 1.50000 1.00000
414.42973 1.50000 1.00000
