35.41929 2.50000 1.00000
45.26792 2.50000 1.00000
61.53389 2.50000 1.00000
78.81496 2.50000 1.00000
95.63170 2.50000 1.00000
126.39730 2.50000 1.00000
150.12909 2.50000 1.00000
161.61087 2.50000 1.00000
170.70988 2.50000 1.00000
180.99393 2.50000 1.00000
190.22662 2.50000 1.00000
209.59134 2.50000 1.00000
227.09276 2.50000 1.00000
236.24046 2.50000 1.00000
268.25453 2.50000 1.00000
278.23820 2.50000 1.00000
289.25578 2.50000 1.00000
310.06953 2.50000 1.00000
327.53071 2.50000 1.00000
338.45165 2.50000 1.00000
347.68255 2.50000 1.00000
358.25139 2.50000 1.00000
367.38165 2.50000 1.00000
