4.20611 3.00000 1.00000
11.70974 3.00000 1.00000
22.22437 3.00000 1.00000
32.75997 3.00000 1.00000
44.76512 3.00000 1.00000
92.79087 3.00000 1.00000
118.30426 3.00000 1.00000
130.32052 3.00000 1.00000
157.35010 3.00000 1.00000
166.38145 3.00000 1.00000
191.87528 3.00000 1.00000
221.89449 3.00000 1.00000
232.39542 3.00000 1.00000
241.42763 3.00000 1.00000
305.96034 3.00000 1.00000
332.97461 3.00000 1.00000
341.98328 3.00000 1.00000
384.00650 3.00000 1.00000
430.53703 3.00000 1.00000
439.55274 3.00000 1.00000
468.07713 3.00000 1.00000
493.58293 3.00000 1.00000
