13.01428 3.00000 1.00000
55.07907 3.00000 1.00000
69.09433 3.00000 1.00000
93.11000 3.00000 1.00000
141.15747 3.00000 1.00000
157.15716 3.00000 1.00000
175.17207 3.00000 1.00000
199.18751 3.00000 1.00000
213.18675 3.00000 1.00000
253.23435 3.00000 1.00000
269.23370 3.00000 1.00000
289.23242 3.00000 1.00000
311.24780 3.00000 1.00000
337.26279 3.00000 1.00000
353.26216 3.00000 1.00000
371.26119 3.00000 1.00000
457.37309 3.00000 1.00000
473.37223 3.00000 1.00000
487.38807 3.00000 1.00000
515.41966 3.00000 1.00000
