12.03258 1.50000 1.00000
27.03124 1.50000 1.00000
58.54622 1.50000 1.00000
73.56142 1.50000 1.00000
88.56055 1.50000 1.00000
106.57673 1.50000 1.00000
121.57542 1.50000 1.00000
154.60733 1.50000 1.00000
169.60633 1.50000 1.00000
187.60486 1.50000 1.00000
205.62070 1.50000 1.00000
222.12036 1.50000 1.00000
238.61961 1.50000 1.00000
276.15100 1.50000 1.00000
291.14934 1.50000 1.00000
307.64855 1.50000 1.00000
349.66301 1.50000 1.00000
366.16286 1.50000 1.00000
408.22697 1.50000 1.00000
423.24232 1.50000 1.00000
442.74092 1.50000 1.00000
504.32134 1.50000 1.00000
