16.52248 3.00000 1.00000
31.51890 3.00000 1.00000
63.03286 3.00000 1.00000
78.04895 3.00000 1.00000
93.05425 3.00000 1.00000
111.06776 3.00000 1.00000
126.06632 3.00000 1.00000
159.09986 3.00000 1.00000
174.09664 3.00000 1.00000
192.09677 3.00000 1.00000
210.11133 3.00000 1.00000
226.61059 3.00000 1.00000
243.10658 3.00000 1.00000
280.64044 3.00000 1.00000
295.63949 3.00000 1.00000
312.13960 3.00000 1.00000
354.15471 3.00000 1.00000
370.67045 3.00000 1.00000
412.71889 3.00000 1.00000
427.73398 3.00000 1.00000
447.24881 3.00000 1.00000
508.82444 3.00000 1.00000
