18.00590 3.00000 1.00000
36.02215 3.00000 1.00000
56.02033 3.00000 1.00000
84.03531 3.00000 1.00000
126.11679 3.00000 1.00000
156.13290 3.00000 1.00000
184.14603 3.00000 1.00000
222.19333 3.00000 1.00000
248.21092 3.00000 1.00000
266.20844 3.00000 1.00000
284.20694 3.00000 1.00000
342.27141 3.00000 1.00000
374.30252 3.00000 1.00000
388.31688 3.00000 1.00000
418.36662 3.00000 1.00000
432.36631 3.00000 1.00000
452.36404 3.00000 1.00000
474.38189 3.00000 1.00000
506.39194 3.00000 1.00000
522.39418 3.00000 1.00000
