33.00889 3.00000 1.00000
40.51252 3.00000 1.00000
51.02715 3.00000 1.00000
61.56275 3.00000 1.00000
73.56790 3.00000 1.00000
121.59365 3.00000 1.00000
147.10704 3.00000 1.00000
159.12330 3.00000 1.00000
186.15288 3.00000 1.00000
195.18423 3.00000 1.00000
220.67806 3.00000 1.00000
250.69727 3.00000 1.00000
261.19820 3.00000 1.00000
270.23041 3.00000 1.00000
334.76312 3.00000 1.00000
361.77739 3.00000 1.00000
370.78605 3.00000 1.00000
412.80928 3.00000 1.00000
459.33981 3.00000 1.00000
468.35551 3.00000 1.00000
496.87991 3.00000 1.00000
522.38570 3.00000 1.00000
