10.00824 3.00000 1.00000
52.06923 3.00000 1.00000
66.08381 3.00000 1.00000
90.09924 3.00000 1.00000
138.14714 3.00000 1.00000
154.14539 3.00000 1.00000
172.16046 3.00000 1.00000
196.17671 3.00000 1.00000
210.17632 3.00000 1.00000
250.22573 3.00000 1.00000
266.22274 3.00000 1.00000
286.22207 3.00000 1.00000
308.23815 3.00000 1.00000
334.25182 3.00000 1.00000
350.25116 3.00000 1.00000
368.25135 3.00000 1.00000
454.36362 3.00000 1.00000
470.36206 3.00000 1.00000
484.37630 3.00000 1.00000
512.40889 3.00000 1.00000
