30.59764 3.00000 1.00000
53.39647 3.00000 1.00000
68.16077 3.00000 1.00000
87.20982 3.00000 1.00000
97.67536 3.00000 1.00000
105.80820 3.00000 1.00000
114.52508 3.00000 1.00000
141.92398 3.00000 1.00000
150.54004 3.00000 1.00000
158.72230 3.00000 1.00000
168.15786 3.00000 1.00000
179.05818 3.00000 1.00000
187.15357 3.00000 1.00000
196.70353 3.00000 1.00000
205.76959 3.00000 1.00000
214.60210 3.00000 1.00000
222.75252 3.00000 1.00000
230.88639 3.00000 1.00000
239.15134 3.00000 1.00000
247.83552 3.00000 1.00000
256.81705 3.00000 1.00000
265.13270 3.00000 1.00000
275.04915 3.00000 1.00000
283.54945 3.00000 1.00000
293.55035 3.00000 1.00000
301.79998 3.00000 1.00000
313.53028 3.00000 1.00000
322.02962 3.00000 1.00000
330.24649 3.00000 1.00000
339.69539 3.00000 1.00000
348.17837 3.00000 1.00000
