12.02521 3.00000 1.00000
17.51004 3.00000 1.00000
34.27533 3.00000 1.00000
65.94201 3.00000 1.00000
73.84165 3.00000 1.00000
79.10088 3.00000 1.00000
84.32550 3.00000 1.00000
92.13909 3.00000 1.00000
109.00549 3.00000 1.00000
152.75467 3.00000 1.00000
185.16950 3.00000 1.00000
190.38541 3.00000 1.00000
267.12565 3.00000 1.00000
272.24900 3.00000 1.00000
277.38012 3.00000 1.00000
296.51310 3.00000 1.00000
302.36268 3.00000 1.00000
307.57809 3.00000 1.00000
313.07980 3.00000 1.00000
342.49268 3.00000 1.00000
