22.63842 3.00000 1.00000
40.70171 3.00000 1.00000
53.80075 3.00000 1.00000
97.73265 3.00000 1.00000
114.04946 3.00000 1.00000
127.08101 3.00000 1.00000
139.83200 3.00000 1.00000
161.46001 3.00000 1.00000
173.92958 3.00000 1.00000
195.94462 3.00000 1.00000
208.54494 3.00000 1.00000
219.34437 3.00000 1.00000
230.22361 3.00000 1.00000
244.52578 3.00000 1.00000
255.90821 3.00000 1.00000
282.70550 3.00000 1.00000
318.68831 3.00000 1.00000
331.35092 3.00000 1.00000
349.95138 3.00000 1.00000
362.06701 3.00000 1.00000
