12.00632 3.00000 1.00000
36.56816 3.00000 1.00000
54.58653 3.00000 1.00000
71.88387 3.00000 1.00000
84.03243 3.00000 1.00000
98.58322 3.00000 1.00000
127.74802 3.00000 1.00000
140.01321 3.00000 1.00000
160.52953 3.00000 1.00000
201.84373 3.00000 1.00000
219.47308 3.00000 1.00000
229.74163 3.00000 1.00000
242.59244 3.00000 1.00000
258.20711 3.00000 1.00000
270.35817 3.00000 1.00000
294.78862 3.00000 1.00000
313.23774 3.00000 1.00000
331.92068 3.00000 1.00000
343.03265 3.00000 1.00000
353.88564 3.00000 1.00000
