33.49660 2.50000 1.00000
44.99514 2.50000 1.00000
54.22854 2.50000 1.00000
71.31050 2.50000 1.00000
81.34604 2.50000 1.00000
90.59286 2.50000 1.00000
112.07476 2.50000 1.00000
122.97433 2.50000 1.00000
168.20601 2.50000 1.00000
177.52131 2.50000 1.00000
186.63833 2.50000 1.00000
198.52028 2.50000 1.00000
209.06910 2.50000 1.00000
232.00373 2.50000 1.00000
266.59966 2.50000 1.00000
275.65158 2.50000 1.00000
292.31482 2.50000 1.00000
301.80073 2.50000 1.00000
324.01500 2.50000 1.00000
333.51286 2.50000 1.00000
351.18016 2.50000 1.00000
368.09526 2.50000 1.00000
379.56056 2.50000 1.00000
