27.23082 2.50000 1.00000
36.34607 2.50000 1.00000
52.91227 2.50000 1.00000
62.94523 2.50000 1.00000
88.67718 2.50000 1.00000
98.27731 2.50000 1.00000
107.37784 2.50000 1.00000
117.72550 2.50000 1.00000
136.32547 2.50000 1.00000
153.40618 2.50000 1.00000
165.20694 2.50000 1.00000
189.77083 2.50000 1.00000
205.52412 2.50000 1.00000
214.77003 2.50000 1.00000
224.48867 2.50000 1.00000
249.85350 2.50000 1.00000
259.36903 2.50000 1.00000
294.01581 2.50000 1.00000
318.73046 2.50000 1.00000
328.27997 2.50000 1.00000
339.74905 2.50000 1.00000
348.90000 2.50000 1.00000
367.04497 2.50000 1.00000
