17.23514 3.00000 1.00000
44.31683 3.00000 1.00000
60.11599 3.00000 1.00000
77.60496 3.00000 1.00000
90.78128 3.00000 1.00000
104.35126 3.00000 1.00000
134.05052 3.00000 1.00000
147.08281 3.00000 1.00000
165.67678 3.00000 1.00000
208.29566 3.00000 1.00000
224.66131 3.00000 1.00000
237.09424 3.00000 1.00000
247.64186 3.00000 1.00000
264.75597 3.00000 1.00000
276.07657 3.00000 1.00000
300.63980 3.00000 1.00000
320.70504 3.00000 1.00000
337.81837 3.00000 1.00000
348.17242 3.00000 1.00000
359.93920 3.00000 1.00000
