12.02889 3.00000 1.00000
17.36094 3.00000 1.00000
35.07703 3.00000 1.00000
40.69194 3.00000 1.00000
45.82488 3.00000 1.00000
52.52788 3.00000 1.00000
81.04167 3.00000 1.00000
135.37082 3.00000 1.00000
153.25364 3.00000 1.00000
195.03627 3.00000 1.00000
243.99770 3.00000 1.00000
250.56425 3.00000 1.00000
256.18166 3.00000 1.00000
261.41213 3.00000 1.00000
266.46330 3.00000 1.00000
285.31654 3.00000 1.00000
324.79302 3.00000 1.00000
332.30954 3.00000 1.00000
338.59154 3.00000 1.00000
358.62332 3.00000 1.00000
