12.01675 3.00000 1.00000
18.29541 3.00000 1.00000
23.85918 3.00000 1.00000
40.09463 3.00000 1.00000
46.81003 3.00000 1.00000
118.55388 3.00000 1.00000
137.00461 3.00000 1.00000
142.15550 3.00000 1.00000
147.42156 3.00000 1.00000
165.83455 3.00000 1.00000
170.91869 3.00000 1.00000
190.43261 3.00000 1.00000
195.61814 3.00000 1.00000
221.46674 3.00000 1.00000
250.06518 3.00000 1.00000
255.63427 3.00000 1.00000
263.44597 3.00000 1.00000
270.91180 3.00000 1.00000
276.23037 3.00000 1.00000
294.16197 3.00000 1.00000
