12.02070 3.00000 1.00000
22.91977 3.00000 1.00000
33.65291 3.00000 1.00000
53.96757 3.00000 1.00000
66.53404 3.00000 1.00000
76.80062 3.00000 1.00000
89.34841 3.00000 1.00000
105.28315 3.00000 1.00000
118.16345 3.00000 1.00000
165.91188 3.00000 1.00000
177.91115 3.00000 1.00000
189.34373 3.00000 1.00000
201.22638 3.00000 1.00000
214.39247 3.00000 1.00000
253.57205 3.00000 1.00000
285.58770 3.00000 1.00000
313.11944 3.00000 1.00000
325.33483 3.00000 1.00000
343.43498 3.00000 1.00000
363.53258 3.00000 1.00000
