12.01049 3.00000 1.00000
43.32449 3.00000 1.00000
48.39210 3.00000 1.00000
54.95628 3.00000 1.00000
60.09215 3.00000 1.00000
105.28887 3.00000 1.00000
111.37116 3.00000 1.00000
220.76324 3.00000 1.00000
228.23012 3.00000 1.00000
247.81241 3.00000 1.00000
266.01508 3.00000 1.00000
285.36296 3.00000 1.00000
290.56026 3.00000 1.00000
295.81084 3.00000 1.00000
300.94406 3.00000 1.00000
306.45942 3.00000 1.00000
311.95965 3.00000 1.00000
317.69233 3.00000 1.00000
325.21048 3.00000 1.00000
342.89089 3.00000 1.00000
