31.48442 3.00000 1.00000
44.09529 3.00000 1.00000
61.89522 3.00000 1.00000
85.60950 3.00000 1.00000
106.88458 3.00000 1.00000
124.13977 3.00000 1.00000
138.19724 3.00000 1.00000
149.88508 3.00000 1.00000
162.30903 3.00000 1.00000
181.22213 3.00000 1.00000
192.85273 3.00000 1.00000
205.37402 3.00000 1.00000
228.34153 3.00000 1.00000
251.20853 3.00000 1.00000
264.45243 3.00000 1.00000
289.97632 3.00000 1.00000
301.34319 3.00000 1.00000
317.80765 3.00000 1.00000
328.65532 3.00000 1.00000
345.56542 3.00000 1.00000
