23.18415 3.00000 1.00000
34.43008 3.00000 1.00000
48.97293 3.00000 1.00000
60.80677 3.00000 1.00000
97.54067 3.00000 1.00000
108.72974 3.00000 1.00000
121.43845 3.00000 1.00000
142.99740 3.00000 1.00000
178.95316 3.00000 1.00000
189.66380 3.00000 1.00000
207.45177 3.00000 1.00000
227.03045 3.00000 1.00000
238.72983 3.00000 1.00000
268.31991 3.00000 1.00000
280.47460 3.00000 1.00000
292.06361 3.00000 1.00000
304.98637 3.00000 1.00000
319.23064 3.00000 1.00000
356.75490 3.00000 1.00000
368.85348 3.00000 1.00000
