23.40523 3.00000 1.00000
35.68760 3.00000 1.00000
48.11681 3.00000 1.00000
73.64069 3.00000 1.00000
90.55085 3.00000 1.00000
105.01880 3.00000 1.00000
131.59649 3.00000 1.00000
177.94234 3.00000 1.00000
198.30833 3.00000 1.00000
209.28496 3.00000 1.00000
226.42095 3.00000 1.00000
239.12018 3.00000 1.00000
255.26259 3.00000 1.00000
272.44111 3.00000 1.00000
289.69709 3.00000 1.00000
308.39735 3.00000 1.00000
323.25438 3.00000 1.00000
340.74451 3.00000 1.00000
356.81024 3.00000 1.00000
368.47632 3.00000 1.00000
