12.00376 3.00000 1.00000
35.50179 3.00000 1.00000
53.35082 3.00000 1.00000
71.85093 3.00000 1.00000
89.96592 3.00000 1.00000
134.54608 3.00000 1.00000
146.02947 3.00000 1.00000
162.82832 3.00000 1.00000
173.16064 3.00000 1.00000
185.67592 3.00000 1.00000
198.69242 3.00000 1.00000
211.25784 3.00000 1.00000
224.25832 3.00000 1.00000
242.49154 3.00000 1.00000
254.53839 3.00000 1.00000
280.15733 3.00000 1.00000
299.23818 3.00000 1.00000
336.20196 3.00000 1.00000
351.71626 3.00000 1.00000
363.33319 3.00000 1.00000
