18.05665 3.00000 1.00000
28.77207 3.00000 1.00000
40.82231 3.00000 1.00000
56.33814 3.00000 1.00000
73.95359 3.00000 1.00000
113.40133 3.00000 1.00000
125.03372 3.00000 1.00000
136.16958 3.00000 1.00000
162.04682 3.00000 1.00000
180.18051 3.00000 1.00000
207.16215 3.00000 1.00000
232.04543 3.00000 1.00000
243.94572 3.00000 1.00000
255.50915 3.00000 1.00000
268.69436 3.00000 1.00000
281.17547 3.00000 1.00000
297.77397 3.00000 1.00000
311.08934 3.00000 1.00000
338.07098 3.00000 1.00000
354.83878 3.00000 1.00000
