23.30903 3.00000 1.00000
100.45646 3.00000 1.00000
107.37118 3.00000 1.00000
164.37072 3.00000 1.00000
169.93381 3.00000 1.00000
185.80105 3.00000 1.00000
202.88046 3.00000 1.00000
208.59819 3.00000 1.00000
214.94902 3.00000 1.00000
220.09791 3.00000 1.00000
225.16399 3.00000 1.00000
230.42111 3.00000 1.00000
239.12966 3.00000 1.00000
244.62832 3.00000 1.00000
251.63033 3.00000 1.00000
256.84547 3.00000 1.00000
273.52941 3.00000 1.00000
303.96079 3.00000 1.00000
311.44264 3.00000 1.00000
331.30804 3.00000 1.00000
