17.15266 3.00000 1.00000
39.30153 3.00000 1.00000
62.03467 3.00000 1.00000
73.50073 3.00000 1.00000
119.31384 3.00000 1.00000
130.21286 3.00000 1.00000
144.29467 3.00000 1.00000
156.72804 3.00000 1.00000
177.24400 3.00000 1.00000
210.25735 3.00000 1.00000
228.30705 3.00000 1.00000
239.03962 3.00000 1.00000
251.59023 3.00000 1.00000
265.10520 3.00000 1.00000
278.45648 3.00000 1.00000
290.00354 3.00000 1.00000
306.93587 3.00000 1.00000
323.11834 3.00000 1.00000
340.81794 3.00000 1.00000
357.11638 3.00000 1.00000
