17.62072 3.00000 1.00000
51.70031 3.00000 1.00000
68.51755 3.00000 1.00000
92.99891 3.00000 1.00000
105.84807 3.00000 1.00000
127.63042 3.00000 1.00000
143.82968 3.00000 1.00000
159.96193 3.00000 1.00000
172.57722 3.00000 1.00000
185.06038 3.00000 1.00000
208.77598 3.00000 1.00000
227.34180 3.00000 1.00000
237.52368 3.00000 1.00000
250.74006 3.00000 1.00000
265.28956 3.00000 1.00000
299.60387 3.00000 1.00000
311.81887 3.00000 1.00000
324.66875 3.00000 1.00000
342.30194 3.00000 1.00000
356.88374 3.00000 1.00000
