25.95300 3.00000 1.00000
38.48535 3.00000 1.00000
50.75135 3.00000 1.00000
69.49976 3.00000 1.00000
82.21843 3.00000 1.00000
94.36528 3.00000 1.00000
118.39705 3.00000 1.00000
131.34610 3.00000 1.00000
145.29570 3.00000 1.00000
179.01051 3.00000 1.00000
206.92590 3.00000 1.00000
236.72484 3.00000 1.00000
250.17281 3.00000 1.00000
262.57279 3.00000 1.00000
272.75440 3.00000 1.00000
304.80279 3.00000 1.00000
324.06842 3.00000 1.00000
335.81840 3.00000 1.00000
346.85144 3.00000 1.00000
362.86674 3.00000 1.00000
