12.00492 3.00000 1.00000
28.50300 3.00000 1.00000
41.06904 3.00000 1.00000
53.33474 3.00000 1.00000
66.83392 3.00000 1.00000
78.01697 3.00000 1.00000
89.09992 3.00000 1.00000
114.08149 3.00000 1.00000
127.09802 3.00000 1.00000
140.06328 3.00000 1.00000
153.54652 3.00000 1.00000
175.42683 3.00000 1.00000
190.89291 3.00000 1.00000
261.95687 3.00000 1.00000
278.67169 3.00000 1.00000
290.26991 3.00000 1.00000
319.33631 3.00000 1.00000
337.75152 3.00000 1.00000
349.90072 3.00000 1.00000
362.96700 3.00000 1.00000
