12.00634 3.00000 1.00000
23.53737 3.00000 1.00000
35.10459 3.00000 1.00000
51.28552 3.00000 1.00000
67.20196 3.00000 1.00000
108.19841 3.00000 1.00000
118.48223 3.00000 1.00000
130.28339 3.00000 1.00000
156.19644 3.00000 1.00000
175.02903 3.00000 1.00000
202.02715 3.00000 1.00000
224.29301 3.00000 1.00000
237.64271 3.00000 1.00000
249.05818 3.00000 1.00000
261.22447 3.00000 1.00000
273.82452 3.00000 1.00000
292.00557 3.00000 1.00000
304.03940 3.00000 1.00000
332.35273 3.00000 1.00000
349.30145 3.00000 1.00000
