26.11765 2.50000 1.00000
35.63647 2.50000 1.00000
45.13412 2.50000 1.00000
55.41901 2.50000 1.00000
66.13322 2.50000 1.00000
81.91707 2.50000 1.00000
93.73248 2.50000 1.00000
104.19949 2.50000 1.00000
121.39740 2.50000 1.00000
138.42927 2.50000 1.00000
156.50696 2.50000 1.00000
173.64422 2.50000 1.00000
182.87389 2.50000 1.00000
200.60777 2.50000 1.00000
213.32487 2.50000 1.00000
222.54520 2.50000 1.00000
232.59041 2.50000 1.00000
257.87305 2.50000 1.00000
273.72141 2.50000 1.00000
282.95407 2.50000 1.00000
292.10332 2.50000 1.00000
303.62232 2.50000 1.00000
330.55257 2.50000 1.00000
355.46629 2.50000 1.00000
364.53252 2.50000 1.00000
374.88224 2.50000 1.00000
