19.50446 1.50000 1.00000
26.63847 1.50000 1.00000
37.25384 1.50000 1.00000
44.50275 1.50000 1.00000
57.31881 1.50000 1.00000
67.55202 1.50000 1.00000
74.61821 1.50000 1.00000
84.76749 1.50000 1.00000
92.28359 1.50000 1.00000
102.86657 1.50000 1.00000
113.06674 1.50000 1.00000
124.51516 1.50000 1.00000
133.98148 1.50000 1.00000
145.06337 1.50000 1.00000
157.07982 1.50000 1.00000
164.62984 1.50000 1.00000
174.96246 1.50000 1.00000
185.81194 1.50000 1.00000
196.32812 1.50000 1.00000
207.02793 1.50000 1.00000
216.92654 1.50000 1.00000
227.42615 1.50000 1.00000
238.04209 1.50000 1.00000
248.29152 1.50000 1.00000
262.00714 1.50000 1.00000
269.09020 1.50000 1.00000
277.37328 1.50000 1.00000
288.35574 1.50000 1.00000
298.50456 1.50000 1.00000
308.72164 1.50000 1.00000
320.45453 1.50000 1.00000
330.68706 1.50000 1.00000
338.73622 1.50000 1.00000
350.08521 1.50000 1.00000
360.81966 1.50000 1.00000
372.73439 1.50000 1.00000
384.30120 1.50000 1.00000
392.84986 1.50000 1.00000
402.98204 1.50000 1.00000
411.43252 1.50000 1.00000
