17.55268 1.50000 1.00000
24.26973 1.50000 1.00000
33.88539 1.50000 1.00000
43.08481 1.50000 1.00000
53.80103 1.50000 1.00000
62.95015 1.50000 1.00000
73.51617 1.50000 1.00000
82.73241 1.50000 1.00000
92.46450 1.50000 1.00000
103.48189 1.50000 1.00000
113.16379 1.50000 1.00000
122.26313 1.50000 1.00000
132.61268 1.50000 1.00000
142.66154 1.50000 1.00000
153.22850 1.50000 1.00000
163.67686 1.50000 1.00000
170.41102 1.50000 1.00000
180.39347 1.50000 1.00000
193.10866 1.50000 1.00000
205.00853 1.50000 1.00000
214.25720 1.50000 1.00000
224.34038 1.50000 1.00000
233.95634 1.50000 1.00000
240.70648 1.50000 1.00000
247.27263 1.50000 1.00000
256.78895 1.50000 1.00000
268.60518 1.50000 1.00000
280.12075 1.50000 1.00000
286.93828 1.50000 1.00000
293.55342 1.50000 1.00000
303.12222 1.50000 1.00000
311.51886 1.50000 1.00000
321.03500 1.50000 1.00000
331.31816 1.50000 1.00000
342.80043 1.50000 1.00000
351.95013 1.50000 1.00000
361.09941 1.50000 1.00000
371.56628 1.50000 1.00000
381.41524 1.50000 1.00000
390.91494 1.50000 1.00000
