27.90743 3.00000 1.00000
38.87368 3.00000 1.00000
59.65588 3.00000 1.00000
71.17036 3.00000 1.00000
87.93633 3.00000 1.00000
98.95305 3.00000 1.00000
117.81934 3.00000 1.00000
135.75058 3.00000 1.00000
146.71782 3.00000 1.00000
160.14928 3.00000 1.00000
186.29649 3.00000 1.00000
205.89762 3.00000 1.00000
218.36393 3.00000 1.00000
238.42899 3.00000 1.00000
277.65979 3.00000 1.00000
299.50714 3.00000 1.00000
317.49078 3.00000 1.00000
334.15637 3.00000 1.00000
345.84030 3.00000 1.00000
356.67110 3.00000 1.00000
