12.01108 3.00000 1.00000
27.34144 3.00000 1.00000
33.79044 3.00000 1.00000
50.15664 3.00000 1.00000
56.20606 3.00000 1.00000
88.85409 3.00000 1.00000
94.57278 3.00000 1.00000
101.02116 3.00000 1.00000
108.50331 3.00000 1.00000
114.06942 3.00000 1.00000
169.73255 3.00000 1.00000
188.54908 3.00000 1.00000
195.56725 3.00000 1.00000
201.54865 3.00000 1.00000
222.69658 3.00000 1.00000
300.37662 3.00000 1.00000
317.79093 3.00000 1.00000
335.58949 3.00000 1.00000
351.50635 3.00000 1.00000
368.85486 3.00000 1.00000
