23.90870 3.00000 1.00000
29.99193 3.00000 1.00000
47.84109 3.00000 1.00000
66.79055 3.00000 1.00000
83.40976 3.00000 1.00000
103.04015 3.00000 1.00000
109.32075 3.00000 1.00000
114.45425 3.00000 1.00000
122.27278 3.00000 1.00000
129.28572 3.00000 1.00000
157.33529 3.00000 1.00000
234.97991 3.00000 1.00000
268.49401 3.00000 1.00000
273.59508 3.00000 1.00000
290.52863 3.00000 1.00000
310.64139 3.00000 1.00000
317.35964 3.00000 1.00000
323.40870 3.00000 1.00000
329.75838 3.00000 1.00000
346.50806 3.00000 1.00000
