-70.34385 3.00000 1.00000
-55.34743 3.00000 1.00000
-23.83347 3.00000 1.00000
-8.81738 3.00000 1.00000
6.18792 3.00000 1.00000
24.20143 3.00000 1.00000
39.19999 3.00000 1.00000
72.23353 3.00000 1.00000
87.23031 3.00000 1.00000
105.23044 3.00000 1.00000
123.24499 3.00000 1.00000
139.74426 3.00000 1.00000
156.24025 3.00000 1.00000
193.77410 3.00000 1.00000
208.77316 3.00000 1.00000
225.27327 3.00000 1.00000
267.28838 3.00000 1.00000
283.80412 3.00000 1.00000
325.85256 3.00000 1.00000
340.86765 3.00000 1.00000
360.38248 3.00000 1.00000
421.95811 3.00000 1.00000
555.17166 3.00000 1.00000
573.17160 3.00000 1.00000
