68.02627 3.00000 1.00000
94.05907 3.00000 1.00000
100.07439 3.00000 1.00000
106.09178 3.00000 1.00000
112.10644 3.00000 1.00000
136.12045 3.00000 1.00000
166.13859 3.00000 1.00000
190.15361 3.00000 1.00000
200.16845 3.00000 1.00000
208.18440 3.00000 1.00000
230.20235 3.00000 1.00000
292.21413 3.00000 1.00000
304.23189 3.00000 1.00000
316.24440 3.00000 1.00000
324.26304 3.00000 1.00000
354.29195 3.00000 1.00000
394.32308 3.00000 1.00000
402.34132 3.00000 1.00000
460.36963 3.00000 1.00000
486.38532 3.00000 1.00000
