9.02789 3.00000 1.00000
24.02074 3.00000 1.00000
55.53775 3.00000 1.00000
70.54965 3.00000 1.00000
85.55024 3.00000 1.00000
103.56232 3.00000 1.00000
118.56473 3.00000 1.00000
151.59772 3.00000 1.00000
166.59491 3.00000 1.00000
184.59438 3.00000 1.00000
202.60805 3.00000 1.00000
219.10936 3.00000 1.00000
235.60846 3.00000 1.00000
273.13841 3.00000 1.00000
288.13897 3.00000 1.00000
304.63476 3.00000 1.00000
346.65326 3.00000 1.00000
363.15205 3.00000 1.00000
405.21591 3.00000 1.00000
420.22868 3.00000 1.00000
439.73064 3.00000 1.00000
501.31048 3.00000 1.00000
