10.00502 3.00000 1.00000
28.02003 3.00000 1.00000
48.01915 3.00000 1.00000
76.03364 3.00000 1.00000
118.11513 3.00000 1.00000
148.12904 3.00000 1.00000
176.14541 3.00000 1.00000
214.19264 3.00000 1.00000
240.20868 3.00000 1.00000
258.20707 3.00000 1.00000
276.20521 3.00000 1.00000
334.26829 3.00000 1.00000
366.30052 3.00000 1.00000
380.31563 3.00000 1.00000
410.34842 3.00000 1.00000
424.36307 3.00000 1.00000
444.36355 3.00000 1.00000
466.37885 3.00000 1.00000
498.39288 3.00000 1.00000
514.39281 3.00000 1.00000
