-74.83375 3.00000 1.00000
-59.83509 3.00000 1.00000
-28.32011 3.00000 1.00000
-13.30491 3.00000 1.00000
1.69422 3.00000 1.00000
19.71040 3.00000 1.00000
34.70909 3.00000 1.00000
67.74100 3.00000 1.00000
82.74000 3.00000 1.00000
100.73853 3.00000 1.00000
118.75437 3.00000 1.00000
135.25403 3.00000 1.00000
151.75328 3.00000 1.00000
189.28467 3.00000 1.00000
204.28301 3.00000 1.00000
220.78222 3.00000 1.00000
262.79668 3.00000 1.00000
279.29652 3.00000 1.00000
321.36064 3.00000 1.00000
336.37599 3.00000 1.00000
355.87459 3.00000 1.00000
417.45501 3.00000 1.00000
550.68094 3.00000 1.00000
568.68034 3.00000 1.00000
