13.01461 3.00000 1.00000
31.03031 3.00000 1.00000
51.02927 3.00000 1.00000
79.04420 3.00000 1.00000
121.12513 3.00000 1.00000
151.14019 3.00000 1.00000
179.15532 3.00000 1.00000
217.20278 3.00000 1.00000
243.21901 3.00000 1.00000
261.21796 3.00000 1.00000
279.21632 3.00000 1.00000
337.27995 3.00000 1.00000
369.31151 3.00000 1.00000
383.32758 3.00000 1.00000
413.35914 3.00000 1.00000
427.37497 3.00000 1.00000
447.37362 3.00000 1.00000
469.38924 3.00000 1.00000
501.40422 3.00000 1.00000
517.40319 3.00000 1.00000
